0,0,1121,0,0,0,0,1,1
0,1,1121,1,0,0,1,0,0
0,2,1311,1,0,3,0,1,0
0,3,1311,0,0,0,1,0,0
0,4,3112,1,1,1,0,0,0
0,5,3112,1,0,1,5,0,0
0,6,3112,1,0,0,0,1,1
0,7,3112,1,0,2,2,0,1
0,8,4311,0,0,2,2,0,1
0,9,1121,0,2,0,1,0,0
0,10,4311,1,0,3,0,1,0
0,11,4311,1,0,1,2,0,0
0,12,1121,1,0,3,3,0,1
0,13,1112,1,0,1,0,1,0
0,14,1112,1,0,3,0,1,0
0,15,1112,1,4,0,1,0,0
0,16,2512,1,2,0,0,0,1
0,17,2512,1,0,2,0,1,0
0,18,2512,1,0,1,2,0,0
0,19,1112,1,0,1,1,0,1
0,20,2112,1,0,0,4,0,0
0,21,1311,1,0,0,5,0,0
0,22,1311,1,0,1,1,0,1
0,23,6142,1,0,1,0,1,0
0,24,6142,1,4,0,1,0,0
0,25,3211,1,5,1,2,0,0
0,26,1142,1,0,1,4,0,0
0,27,2131,1,1,2,0,0,0
0,28,2131,1,1,2,4,0,0
0,29,1111,1,2,4,4,0,1
0,30,1211,1,4,1,0,0,0
0,31,1211,1,0,3,0,1,0
0,32,1211,1,2,2,0,0,0
0,33,1211,1,0,0,0,1,1
0,34,1211,1,0,1,0,1,0
0,35,1211,1,0,3,0,1,0
0,36,1211,1,1,2,3,0,0
0,37,1111,1,0,4,4,0,1
0,38,1211,1,0,3,3,0,1
0,39,1111,1,5,2,2,0,1
0,40,1116,1,5,3,2,0,0
0,41,1311,1,0,1,0,1,0
0,42,1311,1,0,2,1,0,0
0,43,1116,1,0,0,2,0,0
0,44,1311,1,0,1,2,0,0
0,45,1121,1,0,1,1,0,1
0,46,1311,1,0,0,0,1,1
0,47,1311,1,0,0,0,1,1
0,48,1311,1,2,2,1,0,0
0,49,1116,1,0,4,1,0,0
0,50,1111,1,4,3,5,0,0
0,51,1111,1,2,0,3,0,0
0,52,2461,0,0,1,2,0,0
0,53,1111,0,5,1,3,0,0
0,54,1111,0,0,3,0,1,0
0,55,1111,0,0,4,2,0,0
0,56,1121,0,0,1,1,0,1
0,57,1111,0,0,2,0,1,0
0,58,1111,0,0,2,0,1,0
0,59,1111,0,3,1,0,0,0
0,60,5111,1,1,0,4,0,0
0,61,5511,1,0,4,0,1,0
0,62,5511,1,2,3,2,1,0
0,63,1511,1,0,4,2,0,0
0,64,1122,1,0,2,0,1,0
0,65,1122,1,0,1,1,0,1
0,66,1111,1,4,0,3,0,0
0,67,1121,1,4,3,1,0,0
0,68,1111,1,0,2,3,0,0
0,69,2112,1,0,2,4,0,0
0,70,1111,1,0,2,1,0,0
0,71,1112,1,3,0,0,0,1
0,72,1112,1,0,0,2,0,0
0,73,1111,1,0,3,3,0,1
0,74,2112,1,0,0,0,1,1
0,75,2112,1,0,2,2,0,1
0,76,1112,1,5,1,5,1,0
0,77,1112,1,2,2,0,0,0
0,78,1112,1,4,3,0,0,0
0,79,1112,1,0,1,0,1,0
0,80,1112,1,1,0,4,0,0
0,81,1124,1,0,2,4,0,0
0,82,1111,1,0,0,2,0,0
0,83,1122,1,0,2,4,0,0
0,84,1121,1,0,1,3,0,0
0,85,1122,1,0,0,4,0,0
0,86,5121,0,4,3,5,0,0
0,87,5121,1,5,2,0,0,0
0,88,5121,1,0,3,3,0,1
0,89,5422,1,3,1,0,0,0
0,90,5422,1,2,0,0,0,1
0,91,1422,1,4,2,0,0,0
0,92,1422,1,0,2,1,0,0
0,93,1111,1,0,0,3,0,0
0,94,1121,1,0,1,4,0,0
0,95,1111,1,0,3,1,0,0
0,96,1511,1,0,2,3,0,0
0,97,1111,1,0,4,0,1,0
0,98,1111,1,4,2,3,0,0
0,99,2112,1,5,1,0,0,0
0,100,2112,1,0,1,4,0,0
0,101,1111,1,0,0,5,0,0
0,102,1111,1,0,1,3,0,0
0,103,2412,1,0,1,0,1,0
0,104,2412,1,0,2,2,0,1
0,105,1112,1,0,2,4,0,0
0,106,4121,1,0,3,4,0,0
0,107,1111,1,0,1,1,0,1
0,108,1114,1,0,2,0,1,0
0,109,1114,1,0,0,0,1,1
0,110,1114,1,2,0,2,1,0
0,111,5115,1,4,2,2,0,1
0,112,1122,1,4,1,0,0,0
0,113,1122,1,4,0,0,0,1
0,114,1122,1,0,1,4,0,0
0,115,1121,1,4,0,3,0,0
0,116,1122,1,0,1,5,0,0
0,117,1122,1,4,0,1,0,0
0,118,1141,1,0,0,1,0,0
0,119,1111,1,0,1,3,0,0
0,120,1111,1,0,2,0,1,0
0,121,1111,1,0,2,4,0,0
0,122,1111,1,3,3,3,1,1
0,123,1111,1,0,4,1,0,0
0,124,1112,1,0,2,2,0,1
0,125,1111,1,0,3,0,1,0
0,126,1511,1,0,3,2,0,0
0,127,1521,1,0,0,1,0,0
0,128,1511,1,0,0,2,0,0
0,129,1521,1,0,2,0,1,0
0,130,1521,1,3,1,0,0,0
0,131,1121,1,0,0,1,0,0
0,132,1111,1,0,0,2,0,0
0,133,1121,1,0,2,0,1,0
0,134,1121,1,0,1,0,1,0
0,135,1121,1,0,1,0,1,0
0,136,1121,1,0,0,5,0,0
0,137,1121,1,3,2,3,1,0
0,138,1412,1,0,1,0,1,0
0,139,1412,1,1,1,0,0,0
0,140,1412,1,0,3,0,1,0
0,141,1412,1,2,1,0,0,0
0,142,1412,1,0,0,0,1,1
0,143,1412,1,2,3,1,0,0
0,144,2112,1,0,1,0,1,0
0,145,2112,1,0,0,0,1,1
0,146,2552,1,0,1,0,1,0
0,147,2552,1,0,2,5,0,0
0,148,2552,1,0,0,0,1,1
0,149,2552,1,0,1,0,1,0
0,150,2552,1,0,0,0,1,1
0,151,2112,1,0,1,0,1,0
0,152,2112,1,0,1,0,1,0
0,153,2112,1,0,0,0,1,1
0,154,2112,1,2,1,0,0,0
0,155,2112,1,0,1,4,0,0
0,156,1114,1,0,0,2,0,0
0,157,5125,1,0,2,4,0,0
0,158,5111,1,0,3,4,0,0
0,159,5111,1,2,4,0,0,0
0,160,5111,1,0,4,3,0,0
0,161,5111,1,0,0,0,1,1
0,162,1111,1,4,0,1,0,0
0,163,1111,1,3,4,2,0,0
0,164,1111,1,0,2,5,0,0
0,165,1111,1,3,2,1,0,0
0,166,1141,1,0,4,4,0,1
0,167,1111,1,0,4,3,0,0
0,168,1141,1,0,3,0,1,0
0,169,1141,1,0,0,0,1,1
0,170,1141,1,0,4,0,1,0
0,171,1141,1,0,0,1,0,0
0,172,2111,1,0,3,0,1,0
0,173,2111,1,0,2,4,0,0
0,174,1115,1,0,4,5,0,0
0,175,1115,1,0,2,4,0,0
0,176,1214,1,0,2,0,1,0
0,177,1214,1,0,2,1,0,0
0,178,1211,1,0,2,2,0,1
0,179,1214,1,0,1,1,0,1
0,180,1211,1,0,3,1,0,0
0,181,1111,1,0,3,0,1,0
0,182,1111,1,0,4,4,0,1
0,183,1221,1,0,1,1,0,1
0,184,1111,1,0,1,4,0,0
0,185,1121,1,0,1,0,1,0
0,186,1121,1,0,3,5,0,0
0,187,1121,1,0,3,3,0,1
0,188,1411,1,0,4,0,1,0
0,189,1411,1,0,2,3,0,0
0,190,1111,1,3,1,3,1,0
0,191,1111,1,2,0,1,0,0
0,192,1111,1,4,1,1,0,1
0,193,1111,1,0,1,0,1,0
0,194,1111,1,0,2,1,0,0
0,195,1311,1,2,1,1,0,1
0,196,2111,1,0,1,2,0,0
0,197,1311,1,2,1,1,0,1
0,198,2111,1,0,1,2,0,0
0,199,1311,1,2,2,5,0,0
0,200,1311,1,0,3,2,0,0
0,201,4111,1,2,2,0,0,0
0,202,4111,1,0,0,2,0,0
0,203,1111,1,0,1,1,0,1
0,204,4111,1,1,0,0,0,1
0,205,4111,1,0,0,3,0,0
0,206,1111,1,2,4,0,0,0
0,207,1111,1,4,3,2,0,0
0,208,1111,1,0,1,3,0,0
0,209,1111,1,0,1,3,0,0
0,210,1112,1,5,2,2,0,1
0,211,1122,1,0,2,0,1,0
0,212,1122,1,4,2,0,0,0
0,213,1122,1,4,1,0,0,0
0,214,1122,1,5,2,0,0,0
0,215,1122,1,5,0,0,0,1
0,216,1122,1,0,1,0,1,0
0,217,1122,1,0,0,0,1,1
0,218,1122,1,0,0,0,1,1
0,219,1122,1,4,2,0,0,0
0,220,1122,1,0,1,4,0,0
0,221,1161,1,0,2,0,1,0
0,222,1161,1,4,4,2,0,0
0,223,1112,1,5,3,4,0,0
0,224,1121,1,0,3,4,0,0
0,225,1111,1,0,2,1,0,0
0,226,1111,1,4,0,3,0,0
0,227,1111,1,2,1,0,0,0
0,228,1111,1,5,2,4,0,0
0,229,1111,1,1,4,0,0,0
0,230,1111,1,5,2,3,0,0
0,231,1111,1,0,4,4,0,1
0,232,1111,1,0,0,3,0,0
0,233,1111,1,0,2,0,1,0
0,234,1111,1,0,0,3,0,0
0,235,1111,1,5,4,3,0,0
0,236,1122,1,4,2,4,1,0
0,237,1111,1,5,3,2,0,0
0,238,1112,1,0,1,5,0,0
0,239,1112,1,1,2,2,0,1
0,240,4211,1,5,0,0,0,1
0,241,4211,1,0,1,0,1,0
0,242,4211,1,3,2,0,0,0
0,243,4211,1,2,1,3,0,0
0,244,2122,1,0,0,0,1,1
0,245,2122,1,0,1,0,1,0
0,246,2122,1,0,0,0,1,1
0,247,2122,1,0,0,0,1,1
0,248,2522,1,0,1,5,0,0
0,249,2522,1,0,0,0,1,1
0,250,2522,1,0,0,0,1,1
0,251,2522,1,0,0,0,1,1
0,252,2522,1,0,1,0,1,0
0,253,2122,1,0,0,0,1,1
0,254,2122,1,0,1,0,1,0
0,255,2122,1,0,0,4,0,0
0,256,1214,1,0,0,0,1,1
0,257,1214,1,0,3,2,0,0
0,258,5112,1,0,2,2,0,1
0,259,1111,1,4,0,5,0,0
0,260,1171,1,0,4,4,0,1
0,261,1114,1,2,4,0,0,0
0,262,1114,1,0,2,0,1,0
0,263,1114,1,0,0,0,1,1
0,264,1114,1,4,0,1,0,0
0,265,2111,1,3,1,0,0,0
0,266,2111,1,0,3,4,0,0
0,267,1111,1,0,0,1,0,0
0,268,1112,1,0,3,2,0,0
0,269,1151,1,0,4,1,0,0
0,270,1112,1,0,1,0,1,0
0,271,1112,1,0,2,4,0,0
0,272,1211,1,2,1,0,0,0
0,273,1211,1,3,1,0,0,0
0,274,1211,1,3,1,0,0,0
0,275,1211,1,0,1,5,0,0
0,276,1211,1,2,0,0,0,1
0,277,1211,1,0,1,0,1,0
0,278,1211,1,0,1,1,0,1
0,279,1141,1,0,0,0,1,1
0,280,1141,1,3,1,3,1,0
0,281,1111,1,0,4,3,0,0
0,282,1121,1,0,1,1,0,1
0,283,1111,1,0,2,2,0,1
0,284,1121,1,0,3,3,0,1
0,285,1112,1,1,3,0,0,0
0,286,1112,1,0,2,1,0,0
0,287,1111,1,2,4,3,0,0
0,288,1122,1,0,1,0,1,0
0,289,1122,1,0,2,4,0,0
0,290,1111,1,0,0,5,0,0
0,291,1111,1,0,4,1,0,0
0,292,1141,1,0,3,0,1,0
0,293,1141,1,1,4,1,1,0
0,294,1111,1,2,0,4,0,0
0,295,1711,1,0,2,0,1,0
0,296,1711,1,4,1,0,0,0
0,297,1411,1,0,4,3,0,0
0,298,1111,1,2,4,3,0,0
0,299,1112,1,0,2,0,1,0
0,300,1512,1,0,1,0,1,0
0,301,1512,1,0,1,0,1,0
0,302,1512,1,1,1,5,0,0
0,303,1512,1,0,3,0,1,0
0,304,1512,1,0,3,1,0,0
0,305,1142,1,0,3,0,1,0
0,306,1142,1,0,0,0,1,1
0,307,1142,1,1,3,4,0,0
0,308,1151,1,0,4,0,1,0
0,309,1151,1,0,4,1,0,0
0,310,2111,1,0,2,0,1,0
0,311,2111,1,0,0,4,0,0
0,312,2111,1,0,3,0,1,0
0,313,2111,1,0,1,2,0,0
0,314,1151,1,2,2,0,0,0
0,315,1451,1,0,2,0,1,0
0,316,1451,1,0,3,1,0,0
0,317,2551,1,3,3,5,0,0
0,318,2551,1,3,3,3,1,1
0,319,2451,1,0,1,3,0,0
0,320,2112,1,2,0,0,0,1
0,321,2112,1,0,0,0,1,1
0,322,2112,1,0,0,2,0,0
0,323,1112,1,0,3,0,1,0
0,324,1112,1,2,2,0,0,0
0,325,1112,1,5,3,2,0,0
0,326,1112,1,0,2,4,0,0
0,327,1511,1,0,1,5,0,0
0,328,1511,1,2,4,0,0,0
0,329,1511,1,1,3,0,0,0
0,330,1511,1,2,3,0,0,0
0,331,1511,1,1,2,2,0,1
0,332,4111,1,2,1,0,0,0
0,333,4111,1,0,4,3,0,0
0,334,1112,1,0,2,2,0,1
0,335,1122,1,0,1,0,1,0
0,336,1122,1,0,2,0,1,0
0,337,1522,1,0,2,0,1,0
0,338,1522,1,0,0,0,1,1
0,339,1522,1,0,2,0,1,0
0,340,1522,1,0,1,0,1,0
0,341,1522,1,0,2,1,0,0
0,342,1112,1,0,3,1,0,0
0,343,1112,1,0,3,2,0,0
0,344,1112,1,0,0,4,0,0
0,345,1111,1,0,2,3,0,0
0,346,1112,1,2,1,0,0,0
0,347,1112,1,0,0,1,0,0
0,348,1112,1,4,2,5,0,0
0,349,1112,1,0,2,2,0,1
0,350,4112,1,0,2,2,0,1
0,351,1122,1,0,0,4,0,0
0,352,1111,1,0,3,3,0,1
0,353,1122,1,4,0,0,0,1
0,354,1122,1,0,1,0,1,0
0,355,1122,1,0,1,0,1,0
0,356,1122,1,0,0,4,0,0
0,357,1111,1,0,2,4,0,0
0,358,1111,1,2,1,2,1,0
0,359,1121,1,0,1,0,1,0
0,360,1121,1,0,3,0,1,0
0,361,1121,1,0,3,0,1,0
0,362,1121,1,0,3,0,1,0
0,363,1121,1,4,1,3,0,0
0,364,1112,1,0,1,1,0,1
0,365,1111,1,5,4,4,0,1
0,366,1111,1,0,4,1,0,0
0,367,1111,1,1,2,1,1,0
0,368,1111,1,4,0,4,1,0
0,369,1111,1,0,4,4,0,1
0,370,1111,1,4,3,3,0,1
0,371,1111,1,0,0,3,0,0
0,372,1111,1,0,0,4,0,0
0,373,1111,1,0,2,1,0,0
0,374,1111,1,0,0,3,0,0
0,375,1111,1,0,4,3,0,0
0,376,1111,1,0,3,5,0,0
0,377,1111,1,0,2,2,0,1
0,378,4111,1,0,3,0,1,0
0,379,4111,1,0,3,4,0,0
0,380,1411,1,4,0,0,0,1
0,381,1411,1,0,3,0,1,0
0,382,1411,1,0,3,3,0,1
0,383,4111,1,0,1,2,0,0
0,384,1111,1,2,4,0,0,0
0,385,1111,1,0,4,3,0,0
0,386,1512,1,0,2,1,0,0
0,387,5512,1,0,3,2,0,0
0,388,1512,1,0,2,2,0,1
0,389,1522,1,0,2,5,0,0
0,390,1522,1,0,1,0,1,0
0,391,1122,1,0,2,0,1,0
0,392,1122,1,0,1,0,1,0
0,393,1122,1,0,0,0,1,1
0,394,1122,1,0,1,0,1,0
0,395,1122,1,0,1,0,1,0
0,396,1122,1,0,0,4,0,0
0,397,1114,1,0,2,2,0,1
0,398,1112,1,0,1,0,1,0
0,399,5112,1,0,0,2,0,0
0,400,1211,1,0,2,0,1,0
0,401,1211,1,0,3,2,0,0
0,402,1112,1,0,2,2,0,1
0,403,1111,1,5,4,5,1,0
0,404,1111,1,2,3,0,0,0
0,405,1111,1,4,2,4,1,0
0,406,1114,1,0,1,0,1,0
0,407,1114,1,0,1,0,1,0
0,408,1114,1,0,4,0,1,0
0,409,1114,1,0,3,2,0,0
0,410,1111,1,1,1,2,0,0
0,411,1122,1,1,0,0,0,1
0,412,1122,1,0,1,0,1,0
0,413,1122,1,0,1,0,1,0
0,414,1122,1,0,1,1,0,1
0,415,5115,1,1,4,2,0,0
0,416,1122,1,2,0,4,0,0
0,417,1121,1,0,3,0,1,0
0,418,1121,1,0,2,1,0,0
0,419,1111,1,0,0,3,0,0
0,420,1111,1,1,4,4,0,1
0,421,1111,1,0,2,0,1,0
0,422,1111,1,0,2,3,0,0
0,423,1111,1,0,1,3,0,0
0,424,1121,1,0,3,0,1,0
0,425,1121,1,0,3,0,1,0
0,426,1121,1,0,0,3,0,0
0,427,1112,1,0,2,0,1,0
0,428,1112,1,0,3,1,0,0
0,429,2112,1,5,0,4,0,0
0,430,1111,1,0,2,3,0,0
0,431,2112,1,0,1,4,0,0
0,432,1111,1,0,4,3,0,0
0,433,2112,1,0,1,0,1,0
0,434,2112,1,0,2,4,0,0
0,435,1111,1,0,0,2,0,0
0,436,1121,1,0,1,0,1,0
0,437,1121,1,4,2,0,0,0
0,438,1121,1,0,3,3,0,1
0,439,1112,1,0,1,0,1,0
0,440,1112,1,5,2,0,0,0
0,441,1112,1,2,1,4,0,0
0,442,1121,1,4,3,0,0,0
0,443,1121,1,0,0,4,0,0
0,444,1111,1,0,2,5,0,0
0,445,1111,1,3,2,3,1,0
0,446,1421,1,4,2,0,0,0
0,447,1421,1,0,3,0,1,0
0,448,1421,1,3,3,3,1,1
0,449,1112,1,0,0,1,0,0
0,450,2112,1,0,2,2,0,1
0,451,1112,1,0,1,0,1,0
0,452,1112,1,0,3,0,1,0
0,453,1112,1,0,0,1,0,0
0,454,2152,1,0,1,0,1,0
0,455,2152,1,0,1,4,0,0
0,456,1551,1,4,0,3,0,0
0,457,2152,1,0,1,0,1,0
0,458,2152,1,0,2,0,1,0
0,459,2112,1,0,2,0,1,0
0,460,2112,1,0,0,4,0,0
0,461,1111,1,0,0,1,0,0
0,462,1112,1,0,0,0,1,1
0,463,1112,1,0,2,1,0,0
0,464,1211,1,5,3,3,0,1
0,465,2122,1,0,0,0,1,1
0,466,2122,1,0,0,0,1,1
0,467,2122,1,0,1,5,0,0
0,468,2122,1,0,1,0,1,0
0,469,2122,1,0,0,0,1,1
0,470,2122,1,0,0,4,0,0
0,471,1214,1,0,2,0,1,0
0,472,1214,1,0,1,1,0,1
0,473,1112,1,0,3,0,1,0
0,474,1112,1,0,3,4,0,0
0,475,1121,1,0,0,1,0,0
0,476,1111,1,1,1,2,0,0
0,477,1121,1,0,0,0,1,1
0,478,1121,1,0,2,0,1,0
0,479,1121,1,0,2,1,0,0
0,480,1111,1,0,3,3,0,1
0,481,1111,1,4,4,3,0,0
0,482,1122,1,3,2,1,0,0
0,483,1112,1,0,1,1,0,1
0,484,1112,1,1,2,4,0,0
0,485,1111,1,0,4,3,0,0
0,486,1112,1,3,0,0,0,1
0,487,1112,1,0,2,5,0,0
0,488,1112,1,0,1,1,0,1
0,489,1142,1,0,3,1,0,0
0,490,2112,1,0,1,0,1,0
0,491,2112,1,0,0,4,0,0
0,492,2111,1,0,0,0,1,1
0,493,2111,1,0,2,0,1,0
0,494,2111,1,0,1,4,0,0
0,495,2111,1,0,1,2,0,0
0,496,1111,1,0,4,4,0,1
0,497,1151,1,0,1,3,0,0
0,498,1151,1,0,1,4,0,0
0,499,1151,1,0,0,3,0,0
0,500,1151,1,0,2,4,0,0
0,501,1151,1,0,0,0,1,1
0,502,2111,1,0,0,3,0,0
0,503,2111,1,0,3,5,0,0
0,504,2111,1,0,0,4,0,0
0,505,2114,1,0,0,2,0,0
0,506,1111,1,4,4,3,0,0
0,507,4111,1,0,4,3,0,0
0,508,1112,1,0,0,1,0,0
0,509,2412,1,4,0,2,0,0
0,510,1112,1,0,2,0,1,0
0,511,1112,1,0,1,0,1,0
0,512,1112,1,0,2,0,1,0
0,513,5512,1,2,2,0,0,0
0,514,5512,1,0,3,0,1,0
0,515,5512,1,2,0,0,0,1
0,516,5512,1,0,2,0,1,0
0,517,5512,1,2,0,2,1,0
0,518,1112,1,0,2,2,0,1
0,519,1112,1,1,0,2,0,0
0,520,1112,1,0,2,1,0,0
0,521,1112,1,0,1,0,1,0
0,522,1112,1,0,2,4,0,0
0,523,1111,1,0,1,0,1,0
0,524,1111,1,4,4,1,0,0
0,525,1111,1,0,1,3,0,0
0,526,1112,1,0,2,2,0,1
0,527,1112,1,4,2,5,0,0
0,528,1112,1,0,3,0,1,0
0,529,1112,1,4,2,1,0,0
0,530,1142,1,0,2,0,1,0
0,531,1142,1,1,3,4,0,0
0,532,1111,1,0,1,0,1,0
0,533,1111,1,0,0,1,0,0
0,534,1111,1,4,0,2,0,0
0,535,1111,1,0,3,1,0,0
0,536,1111,1,0,1,4,0,0
0,537,1111,1,3,2,4,0,0
0,538,1111,1,1,3,1,1,0
0,539,2111,1,1,3,2,0,0
0,540,1111,1,0,3,1,0,0
0,541,2111,1,4,1,0,0,0
0,542,2111,1,0,0,0,1,1
0,543,2111,1,3,2,3,1,0
0,544,2111,1,0,2,4,0,0
0,545,2111,1,2,2,0,0,0
0,546,2111,1,0,1,5,0,0
0,547,2111,1,0,0,4,0,0
0,548,2114,1,5,1,0,0,0
0,549,2114,1,4,0,0,0,1
0,550,2114,1,0,2,0,1,0
0,551,2114,1,0,2,0,1,0
0,552,2114,1,0,1,0,1,0
0,553,2114,1,0,2,4,0,0
0,554,2121,1,0,1,4,0,0
0,555,2111,1,3,1,2,0,0
0,556,5112,1,0,2,2,0,1
0,557,1111,1,0,2,5,0,0
0,558,1111,1,0,0,2,0,0
0,559,4121,1,2,3,0,0,0
0,560,4121,1,1,0,4,0,0
0,561,1121,1,1,1,0,0,0
0,562,1121,1,4,3,0,0,0
0,563,1121,1,0,0,4,0,0
0,564,1211,1,0,0,0,1,1
0,565,1211,1,3,2,0,0,0
0,566,1211,1,2,2,0,0,0
0,567,5211,1,0,1,0,1,0
0,568,5211,1,0,1,0,1,0
0,569,5211,1,0,3,5,0,0
0,570,5211,1,0,3,0,1,0
0,571,5211,1,0,2,0,1,0
0,572,1211,1,0,3,0,1,0
0,573,1211,1,0,3,3,0,1
0,574,1421,1,0,2,0,1,0
0,575,1421,1,1,2,0,0,0
0,576,1421,1,1,3,0,0,0
0,577,1221,1,0,0,0,1,1
0,578,1221,1,0,0,0,1,1
0,579,1221,1,0,2,0,1,0
0,580,1221,1,0,0,0,1,1
0,581,1221,1,0,0,0,1,1
0,582,1221,1,0,1,0,1,0
0,583,1221,1,1,0,0,0,1
0,584,1221,1,0,1,0,1,0
0,585,1221,1,0,1,0,1,0
0,586,1221,1,0,1,3,0,0
0,587,1121,1,0,2,0,1,0
0,588,1121,1,0,2,0,1,0
0,589,1121,1,0,1,4,0,0
0,590,1221,1,3,1,3,1,0
0,591,1121,1,1,1,4,0,0
0,592,1221,1,0,2,0,1,0
0,593,1221,1,0,0,0,1,1
0,594,1221,1,0,2,3,0,0
0,595,1121,1,0,1,3,0,0
0,596,1121,1,0,0,1,0,0
0,597,2111,1,0,3,0,1,0
0,598,2111,1,0,3,3,0,1
0,599,1117,1,0,3,0,1,0
0,600,1111,1,3,2,0,0,0
0,601,1111,1,0,0,1,0,0
0,602,2211,1,1,2,0,0,0
0,603,2211,1,0,1,0,1,0
0,604,2211,1,2,0,0,0,1
0,605,2211,1,0,1,3,0,0
0,606,2117,1,0,2,0,1,0
0,607,2117,1,3,0,2,0,0
0,608,1117,1,3,2,0,0,0
0,609,1111,1,3,1,0,0,0
0,610,1111,1,0,2,0,1,0
0,611,1111,1,0,1,2,0,0
0,612,1111,1,0,1,1,0,1
0,613,1111,1,3,4,3,1,0
0,614,7111,1,1,1,2,0,0
0,615,1111,1,0,3,0,1,0
0,616,1111,1,0,4,2,0,0
0,617,1111,1,0,3,0,1,0
0,618,1111,1,0,3,1,0,0
0,619,1111,1,1,3,0,0,0
0,620,1117,1,0,2,4,0,0
0,621,1111,1,3,3,3,1,1
0,622,1111,1,0,4,1,0,0
0,623,1111,1,1,2,3,0,0
0,624,1112,1,2,1,1,0,1
0,625,2112,1,0,0,0,1,1
0,626,2112,1,0,2,2,0,1
0,627,1112,1,0,1,0,1,0
0,628,1112,1,1,0,4,0,0
0,629,1111,1,0,2,0,1,0
0,630,1111,1,0,2,0,1,0
0,631,1111,1,0,1,0,1,0
0,632,1111,1,0,1,2,0,0
0,633,1111,1,0,4,0,1,0
0,634,1111,1,0,1,0,1,0
0,635,1111,1,4,2,0,0,0
0,636,1111,1,0,4,2,0,0
0,637,1111,1,0,3,2,0,0
0,638,1112,1,5,3,2,0,0
0,639,1111,1,0,0,3,0,0
0,640,2112,1,3,2,0,0,0
0,641,2112,1,0,1,0,1,0
0,642,2112,1,0,0,4,0,0
0,643,1111,1,0,1,1,0,1
0,644,1112,1,0,1,0,1,0
0,645,1112,1,0,0,2,0,0
0,646,1111,1,0,0,0,1,1
0,647,1111,1,0,0,1,0,0
0,648,1112,1,0,2,1,0,0
0,649,1111,1,0,1,2,0,0
0,650,1112,1,0,0,0,1,1
0,651,1112,1,4,0,1,0,0
0,652,1112,1,0,1,4,0,0
0,653,1111,1,0,1,3,0,0
0,654,1112,1,0,3,0,1,0
0,655,1112,1,0,1,1,0,1
0,656,1112,1,0,2,1,0,0
0,657,2112,1,0,1,0,1,0
0,658,2112,1,0,1,0,1,0
0,659,2172,1,0,0,0,1,1
0,660,2112,1,2,0,0,0,1
0,661,2112,1,0,0,0,1,1
0,662,2112,1,0,0,4,0,0
0,663,2111,1,0,3,0,1,0
0,664,2111,1,3,3,0,0,0
0,665,2111,1,0,1,0,1,0
0,666,2111,1,0,2,0,1,0
0,667,2171,1,0,3,4,0,0
0,668,2171,1,2,1,0,0,0
0,669,2171,1,0,1,3,0,0
0,670,2111,1,2,2,2,1,1
0,671,1111,1,0,4,4,0,1
0,672,1711,1,0,3,1,0,0
0,673,2711,1,0,3,2,0,0
0,674,7111,1,4,0,3,0,0
0,675,1111,1,1,4,3,0,0
0,676,1112,1,0,1,0,1,0
0,677,1112,1,5,2,0,0,0
0,678,1112,1,5,3,2,0,0
0,679,1112,1,5,1,0,0,0
0,680,1112,1,5,3,0,0,0
0,681,1112,1,2,2,0,0,0
0,682,1112,1,0,1,0,1,0
0,683,1112,1,2,2,0,0,0
0,684,1112,1,0,0,4,0,0
0,685,1111,1,0,4,3,0,0
0,686,1112,1,0,3,1,0,0
0,687,1112,1,1,2,1,1,0
0,688,2112,1,4,0,0,0,1
0,689,2112,1,0,1,0,1,0
0,690,2112,1,0,2,4,0,0
0,691,2111,1,0,1,4,0,0
0,692,2111,1,5,2,0,0,0
0,693,2111,1,0,1,2,0,0
0,694,1111,1,0,3,0,1,0
0,695,1111,1,0,2,0,1,0
0,696,1711,1,2,2,2,1,1
0,697,1221,1,4,0,0,0,1
0,698,1221,1,0,1,0,1,0
0,699,1221,1,0,2,0,1,0
0,700,1221,1,5,1,3,0,0
0,701,1111,1,0,2,4,0,0
0,702,1221,1,3,0,0,0,1
0,703,1221,1,0,0,0,1,1
0,704,1221,1,0,1,3,0,0
0,705,1111,1,0,3,2,0,0
0,706,1211,1,0,2,3,0,0
0,707,1112,1,0,1,0,1,0
0,708,1112,1,4,3,2,0,0
0,709,1122,1,1,0,0,0,1
0,710,1122,1,4,2,0,0,0
0,711,1122,1,0,1,1,0,1
0,712,1112,1,0,3,0,1,0
0,713,1112,1,2,1,0,0,0
0,714,1112,1,1,1,0,0,0
0,715,1112,1,0,3,2,0,0
0,716,1122,1,0,0,4,0,0
0,717,1221,1,4,0,1,0,0
0,718,1211,1,0,1,0,1,0
0,719,1211,1,0,3,0,1,0
0,720,1211,1,2,0,2,1,0
0,721,1221,1,2,0,0,0,1
0,722,1221,1,0,1,3,0,0
0,723,1122,1,0,2,0,1,0
0,724,1122,1,5,2,0,0,0
0,725,1122,1,4,0,0,0,1
1,0,1111,0,0,2,0,1,0
1,1,1111,1,0,0,4,0,0
1,2,2211,1,5,0,3,0,0
1,3,1111,1,0,4,3,0,0
1,4,1121,1,0,2,0,1,0
1,5,1121,1,0,2,1,0,0
1,6,1111,1,0,1,1,0,1
1,7,3111,1,0,1,5,0,0
1,8,3111,1,4,0,4,1,0
1,9,3214,1,0,1,0,1,0
1,10,3214,1,3,2,0,0,0
1,11,3214,1,0,0,0,1,1
1,12,3214,1,3,1,2,0,0
1,13,1211,1,5,2,2,0,1
1,14,1111,1,0,2,3,0,0
1,15,1121,1,2,3,0,0,0
1,16,1121,1,4,2,3,0,0
1,17,1123,1,0,0,1,0,0
1,18,5513,1,0,0,2,0,0
1,19,1123,1,5,0,5,1,0
1,20,1123,1,0,1,0,1,0
1,21,1123,1,0,0,0,1,1
1,22,1123,1,0,2,4,0,0
1,23,1124,1,0,0,0,1,1
1,24,1124,1,0,0,4,0,0
1,25,1111,1,0,0,1,0,0
1,26,1211,1,4,3,0,0,0
1,27,1211,1,0,2,2,0,1
1,28,1111,1,0,4,4,0,1
1,29,2211,1,0,2,2,0,1
1,30,1221,1,0,1,0,1,0
1,31,1221,1,3,1,0,0,0
1,32,1221,1,0,1,3,0,0
1,33,1122,1,0,1,0,1,0
1,34,1122,1,0,2,0,1,0
1,35,1122,1,0,2,0,1,0
1,36,1122,1,0,2,0,1,0
1,37,1122,1,4,2,0,0,0
1,38,1122,1,0,1,0,1,0
1,39,1122,1,1,1,0,0,0
1,40,1122,1,0,2,1,0,0
1,41,1111,1,4,2,1,0,0
1,42,1211,1,0,1,1,0,1
1,43,3211,1,0,2,3,0,0
1,44,1111,1,0,1,1,0,1
1,45,2311,1,0,2,2,0,1
1,46,1111,1,3,0,2,0,0
1,47,1111,1,1,4,5,0,0
1,48,1111,1,0,1,2,0,0
1,49,4121,1,2,3,0,0,0
1,50,4121,1,0,1,0,1,0
1,51,4121,1,0,0,0,1,1
1,52,4121,1,1,2,0,0,0
1,53,4121,1,0,0,0,1,1
1,54,4121,1,4,1,0,0,0
1,55,4121,1,0,3,4,0,0
1,56,1111,1,3,0,2,0,0
1,57,1122,1,0,0,1,0,0
1,58,5115,1,0,2,4,0,0
1,59,2211,1,0,2,0,1,0
1,60,2211,1,5,1,0,0,0
1,61,2211,1,0,2,2,0,1
1,62,1221,1,0,2,3,0,0
1,63,1122,1,3,2,0,0,0
1,64,1122,1,1,0,4,0,0
1,65,1221,1,0,0,0,1,1
1,66,1221,1,3,1,1,0,1
1,67,2211,1,0,1,0,1,0
1,68,2211,1,0,0,0,1,1
1,69,2211,1,3,0,2,0,0
1,70,1221,1,0,2,0,1,0
1,71,1221,1,1,0,0,0,1
1,72,1221,1,5,0,5,1,0
1,73,1221,1,0,2,3,0,0
1,74,1422,1,0,2,1,0,0
1,75,1111,1,0,4,0,1,0
1,76,1111,1,3,0,4,0,0
1,77,2241,1,0,1,0,1,0
1,78,2241,1,0,1,0,1,0
1,79,2241,1,0,2,0,1,0
1,80,2241,1,3,2,3,1,0
1,81,1111,1,5,1,1,0,1
1,82,1211,1,1,1,5,0,0
1,83,1211,1,0,1,3,0,0
1,84,1411,1,2,0,0,0,1
1,85,1411,1,0,3,3,0,1
1,86,1113,1,0,2,0,1,0
1,87,1113,1,0,0,1,0,0
1,88,1111,1,0,3,2,0,0
1,89,1113,1,0,2,2,0,1
1,90,1121,1,5,1,0,0,0
1,91,1121,1,0,2,1,0,0
1,92,1513,1,0,0,1,0,0
1,93,1111,1,0,2,3,0,0
1,94,1132,1,3,0,4,0,0
1,95,1111,1,0,4,1,0,0
1,96,2111,1,2,0,0,0,1
1,97,2111,1,0,1,0,1,0
1,98,2111,1,0,2,0,1,0
1,99,2111,1,0,3,0,1,0
1,100,2111,1,0,2,0,1,0
1,101,2111,1,0,3,4,0,0
1,102,2311,1,0,1,0,1,0
1,103,2311,1,0,1,5,0,0
1,104,2311,1,0,1,0,1,0
1,105,2311,1,0,2,3,0,0
1,106,2411,1,0,2,0,1,0
1,107,2411,1,0,3,2,0,0
1,108,1111,1,0,1,4,0,0
1,109,4111,1,1,4,0,0,0
1,110,4111,1,0,2,2,0,1
1,111,1111,1,0,1,0,1,0
1,112,1111,1,2,0,4,0,0
1,113,1211,1,0,0,2,0,0
1,114,1111,1,1,3,4,0,0
1,115,2211,1,0,2,0,1,0
1,116,2211,1,0,0,2,0,0
1,117,1221,1,0,1,3,0,0
1,118,1122,1,0,1,4,0,0
1,119,1221,1,0,0,3,0,0
1,120,1122,1,1,1,1,1,1
1,121,1111,1,0,0,4,0,0
1,122,2211,1,0,2,2,0,1
1,123,1221,1,5,2,0,0,0
1,124,1221,1,0,0,1,0,0
1,125,2211,1,0,0,0,1,1
1,126,2211,1,0,0,0,1,1
1,127,2211,1,2,2,0,0,0
1,128,2211,1,0,2,3,0,0
1,129,1111,1,2,0,2,1,0
1,130,1122,1,0,2,0,1,0
1,131,1122,1,0,2,1,0,0
1,132,1111,1,0,0,2,0,0
1,133,1122,1,0,1,4,0,0
1,134,1221,1,1,0,0,0,1
1,135,1221,1,0,0,0,1,1
1,136,1221,1,0,1,0,1,0
1,137,1221,1,0,2,0,1,0
1,138,1221,1,0,1,3,0,0
1,139,1122,1,0,0,0,1,1
1,140,1122,1,0,1,5,0,0
1,141,1122,1,0,1,1,0,1
1,142,1141,1,0,3,0,1,0
1,143,1141,1,0,2,0,1,0
1,144,1141,1,1,4,0,0,0
1,145,1141,1,0,0,0,1,1
1,146,1141,1,3,3,0,0,0
1,147,1141,1,0,3,0,1,0
1,148,1141,1,0,4,3,0,0
1,149,1121,1,4,0,1,0,0
1,150,1111,1,0,1,3,0,0
1,151,1113,1,0,0,1,0,0
1,152,1111,1,0,4,1,0,0
1,153,2111,1,3,1,0,0,0
1,154,2111,1,0,1,2,0,0
1,155,1111,1,0,4,1,0,0
1,156,2111,1,0,3,4,0,0
1,157,2611,1,2,1,0,0,0
1,158,2611,1,4,2,0,0,0
1,159,2611,1,4,1,5,0,0
1,160,2611,1,0,3,0,1,0
1,161,2611,1,0,0,2,0,0
1,162,4111,1,0,1,2,0,0
1,163,1111,1,0,0,0,1,1
1,164,1111,1,0,0,3,0,0
1,165,1113,1,2,3,2,1,0
1,166,1121,1,0,1,4,0,0
1,167,1121,1,0,1,0,1,0
1,168,1121,1,0,1,4,0,0
1,169,1111,1,1,3,4,0,0
1,170,2211,1,0,0,2,0,0
1,171,1221,1,0,2,0,1,0
1,172,1221,1,0,0,0,1,1
1,173,1221,1,0,2,0,1,0
1,174,1221,1,0,0,0,1,1
1,175,1221,1,0,1,1,0,1
1,176,2211,1,0,0,0,1,1
1,177,2211,1,0,1,0,1,0
1,178,2211,1,0,1,3,0,0
1,179,1111,1,5,2,0,0,0
1,180,1111,1,0,0,0,1,1
1,181,1111,1,0,2,0,1,0
1,182,1111,1,5,1,3,0,0
1,183,1121,1,3,2,0,0,0
1,184,1121,1,0,1,3,0,0
1,185,1121,1,0,1,0,1,0
1,186,1121,1,0,2,3,0,0
1,187,3126,1,0,0,5,0,0
1,188,3126,1,1,0,0,0,1
1,189,3126,1,4,2,0,0,0
1,190,3126,1,3,0,3,1,0
1,191,2411,1,5,1,3,0,0
1,192,1111,1,0,4,0,1,0
1,193,1111,1,5,4,0,0,0
1,194,1111,1,4,4,0,0,0
1,195,1111,1,4,2,0,0,0
1,196,1111,1,0,2,0,1,0
1,197,1511,1,0,2,3,0,0
1,198,1111,1,0,2,2,0,1
1,199,1121,1,1,0,1,1,0
1,200,1111,1,0,2,2,0,1
1,201,1121,1,0,3,3,0,1
1,202,1122,1,0,2,4,0,0
1,203,1121,1,4,2,5,0,0
1,204,1121,1,0,1,1,0,1
1,205,1141,1,3,4,3,1,0
1,206,1111,1,0,1,0,1,0
1,207,1111,1,0,2,0,1,0
1,208,1111,1,0,3,3,0,1
1,209,1121,1,0,1,3,0,0
1,210,1112,1,0,3,0,1,0
1,211,1112,1,0,2,0,1,0
1,212,1112,1,0,1,0,1,0
1,213,1112,1,0,2,5,0,0
1,214,1112,1,0,3,0,1,0
1,215,1112,1,0,0,1,0,0
1,216,2142,1,0,2,2,0,1
1,217,1142,1,4,2,4,1,0
1,218,1121,1,0,2,0,1,0
1,219,1121,1,0,1,0,1,0
1,220,1121,1,0,1,0,1,0
1,221,1121,1,0,1,0,1,0
1,222,1121,1,0,0,1,0,0
1,223,1111,1,0,3,0,1,0
1,224,1111,1,0,0,4,0,0
1,225,1111,1,5,2,2,0,1
1,226,1111,1,3,4,4,0,1
1,227,1111,1,4,1,0,0,0
1,228,1111,1,0,3,2,0,0
1,229,1121,1,3,3,3,1,1
1,230,1122,1,1,1,5,0,0
1,231,7122,1,0,2,0,1,0
1,232,1122,1,1,2,4,0,0
1,233,1124,1,0,2,4,0,0
1,234,1121,1,0,1,0,1,0
1,235,1121,1,5,0,4,0,0
1,236,1221,1,3,1,3,1,0
1,237,1121,1,0,3,0,1,0
1,238,1121,1,0,1,0,1,0
1,239,1121,1,3,0,0,0,1
1,240,1125,1,0,0,0,1,1
1,241,1125,1,0,2,4,0,0
1,242,1221,1,0,2,0,1,0
1,243,1221,1,0,0,3,0,0
1,244,1125,1,0,1,5,0,0
1,245,1121,1,1,3,0,0,0
1,246,1121,1,0,2,3,0,0
1,247,1421,1,0,2,1,0,0
1,248,1111,1,0,0,1,0,0
1,249,1111,1,0,0,0,1,1
1,250,1111,1,1,3,0,0,0
1,251,1111,1,0,4,2,0,0
1,252,1111,1,4,3,2,0,0
1,253,1421,1,3,1,3,1,0
1,254,1522,1,0,2,1,0,0
1,255,1111,1,5,4,2,0,0
1,256,1522,1,0,2,5,0,0
1,257,1522,1,0,2,0,1,0
1,258,1522,1,0,1,1,0,1
1,259,1141,1,0,2,3,0,0
1,260,7121,1,1,3,0,0,0
1,261,4121,1,1,2,0,0,0
1,262,4121,1,0,2,0,1,0
1,263,4121,1,0,0,0,1,1
1,264,4121,1,0,3,0,1,0
1,265,4121,1,3,1,0,0,0
1,266,4521,1,0,2,3,0,0
1,267,1112,1,0,0,2,0,0
1,268,1222,1,1,1,0,0,0
1,269,1222,1,0,1,0,1,0
1,270,1222,1,0,0,0,1,1
1,271,1222,1,0,0,1,0,0
1,272,5512,1,0,3,2,0,0
1,273,1222,1,2,0,0,0,1
1,274,1222,1,0,0,0,1,1
1,275,1222,1,0,1,5,0,0
1,276,1222,1,0,1,0,1,0
1,277,1222,1,0,1,0,1,0
1,278,1222,1,0,0,0,1,1
1,279,1222,1,0,1,1,0,1
1,280,1142,1,0,2,4,0,0
1,281,1121,1,0,2,3,0,0
1,282,1142,1,0,3,4,0,0
1,283,1121,1,0,0,0,1,1
1,284,1121,1,0,2,0,1,0
1,285,1125,1,3,0,1,0,0
1,286,1111,1,0,2,3,0,0
1,287,2152,1,0,1,0,1,0
1,288,2152,1,0,0,5,0,0
1,289,2152,1,0,1,0,1,0
1,290,2112,1,0,1,4,0,0
1,291,1114,1,2,1,2,1,0
1,292,1121,1,0,3,1,0,0
1,293,1114,1,0,2,1,0,0
1,294,1112,1,0,2,4,0,0
1,295,2111,1,0,1,0,1,0
1,296,2111,1,5,0,4,0,0
1,297,1111,1,2,3,0,0,0
1,298,1111,1,0,3,2,0,0
1,299,1111,1,0,2,0,1,0
1,300,1111,1,0,3,5,0,0
1,301,1111,1,0,3,3,0,1
1,302,1415,1,0,1,0,1,0
1,303,1415,1,2,4,4,0,1
1,304,1411,1,0,0,1,0,0
1,305,1111,1,0,4,0,1,0
1,306,1111,1,3,3,1,0,0
1,307,1112,1,5,1,0,0,0
1,308,1112,1,0,3,0,1,0
1,309,1112,1,0,0,2,0,0
1,310,1551,1,0,0,1,0,0
1,311,1112,1,0,0,0,1,1
1,312,1112,1,0,0,1,0,0
1,313,1111,1,0,4,2,0,0
1,314,1112,1,0,3,1,0,0
1,315,1111,1,0,1,0,1,0
1,316,1111,1,1,0,0,0,1
1,317,1111,1,0,4,1,0,0
1,318,5111,1,0,3,2,0,0
1,319,1111,1,0,3,0,1,0
1,320,1111,1,4,0,0,0,1
1,321,1111,1,0,2,0,1,0
1,322,1111,1,1,3,2,0,0
1,323,1112,1,5,0,0,0,1
1,324,1112,1,0,2,5,0,0
1,325,1112,1,0,1,2,0,0
1,326,4111,1,0,3,4,0,0
1,327,1211,1,2,2,2,1,1
1,328,1211,1,0,0,0,1,1
1,329,1211,1,0,3,2,0,0
1,330,1111,1,0,4,0,1,0
1,331,1111,1,0,4,4,0,1
1,332,2111,1,0,3,2,0,0
1,333,1221,1,3,0,0,0,1
1,334,7221,1,0,1,0,1,0
1,335,7221,1,0,2,3,0,0
1,336,1121,1,0,1,3,0,0
1,337,1121,1,0,3,0,1,0
1,338,1721,1,0,0,0,1,1
1,339,1121,1,4,0,4,1,0
1,340,1121,1,3,1,4,0,0
1,341,1221,1,0,0,1,0,0
1,342,2117,1,0,3,4,0,0
1,343,6127,1,3,0,0,0,1
1,344,6127,1,3,0,0,0,1
1,345,6121,1,1,0,0,0,1
1,346,6121,1,4,0,3,0,0
1,347,2111,1,0,2,3,0,0
1,348,7111,1,0,3,3,0,1
1,349,7111,1,0,3,1,0,0
1,350,7111,1,1,0,4,0,0
1,351,1211,1,1,2,0,0,0
1,352,7211,1,0,2,3,0,0
1,353,1111,1,0,2,3,0,0
1,354,1111,1,1,3,1,1,0
1,355,2111,1,3,1,5,0,0
1,356,2111,1,0,3,2,0,0
1,357,4111,1,0,0,3,0,0
1,358,1111,1,0,3,1,0,0
1,359,1412,1,0,0,0,1,1
1,360,1412,1,0,3,0,1,0
1,361,1412,1,0,1,4,0,0
1,362,2411,1,2,0,0,0,1
1,363,2111,1,0,2,0,1,0
1,364,2111,1,0,1,3,0,0
1,365,1112,1,0,0,2,0,0
1,366,1111,1,0,1,3,0,0
1,367,2112,1,0,2,0,1,0
1,368,2112,1,0,2,0,1,0
1,369,2112,1,0,1,4,0,0
1,370,1111,1,0,3,5,0,0
1,371,1111,1,0,1,4,0,0
1,372,1114,1,0,2,4,0,0
1,373,1111,1,0,3,1,0,0
1,374,1111,1,0,2,4,0,0
1,375,1211,1,0,3,1,0,0
1,376,1211,1,0,2,0,1,0
1,377,1211,1,0,3,2,0,0
1,378,1211,1,3,2,0,0,0
1,379,1211,1,5,1,1,0,1
1,380,1211,1,0,0,1,0,0
1,381,1117,1,3,4,0,0,0
1,382,5111,1,3,2,4,0,0
1,383,5221,1,4,2,3,0,0
1,384,5111,1,0,3,0,1,0
1,385,5111,1,0,1,2,0,0
1,386,1217,1,4,1,0,0,0
1,387,1211,1,3,2,0,0,0
1,388,1211,1,3,2,1,0,0
1,389,1111,1,0,4,5,0,0
1,390,1111,1,0,4,1,0,0
1,391,1141,1,4,4,0,0,0
1,392,1141,1,3,3,4,0,0
1,393,1111,1,0,4,1,0,0
1,394,1111,1,0,3,3,0,1
1,395,1111,1,0,0,4,0,0
1,396,1111,1,0,1,2,0,0
1,397,1111,1,0,0,4,0,0
1,398,1421,1,0,0,0,1,1
1,399,1121,1,0,0,4,0,0
1,400,1124,1,0,3,1,0,0
1,401,1111,1,0,3,5,0,0
1,402,1111,1,5,0,1,0,0
1,403,1142,1,0,3,1,0,0
1,404,2111,1,0,0,0,1,1
1,405,2111,1,0,2,0,1,0
1,406,2111,1,5,3,0,0,0
1,407,2111,1,0,0,3,0,0
1,408,1121,1,0,0,1,0,0
1,409,2212,1,0,1,0,1,0
1,410,2212,1,0,1,0,1,0
1,411,2212,1,0,1,0,1,0
1,412,2212,1,0,1,0,1,0
1,413,2212,1,0,0,2,0,0
1,414,1121,1,0,3,0,1,0
1,415,1121,1,4,0,3,0,0
1,416,2111,1,0,2,0,1,0
1,417,2111,1,0,0,0,1,1
1,418,2111,1,0,3,2,0,0
1,419,1211,1,0,0,0,1,1
1,420,1211,1,0,1,3,0,0
1,421,1111,1,1,1,4,0,0
1,422,1211,1,0,2,0,1,0
1,423,1211,1,0,2,2,0,1
1,424,1111,1,0,4,5,0,0
1,425,1111,1,0,1,0,1,0
1,426,1111,1,0,3,4,0,0
1,427,2114,1,5,2,0,0,0
1,428,2114,1,0,0,3,0,0
1,429,1114,1,2,0,3,0,0
1,430,1114,1,0,3,0,1,0
1,431,1111,1,0,2,0,1,0
1,432,1111,1,5,1,0,0,0
1,433,1111,1,0,1,4,0,0
1,434,1111,1,3,4,4,0,1
1,435,2111,1,0,2,0,1,0
1,436,2111,1,0,3,5,0,0
1,437,2111,1,0,0,3,0,0
1,438,1411,1,0,4,3,0,0
1,439,1111,1,0,2,0,1,0
1,440,1111,1,0,0,2,0,0
1,441,1111,1,5,3,1,0,0
1,442,1111,1,1,1,1,1,1
1,443,1111,1,2,0,4,0,0
1,444,1211,1,0,3,0,1,0
1,445,1211,1,1,2,3,0,0
1,446,1111,1,0,2,2,0,1
1,447,1511,1,2,0,1,0,0
1,448,1111,1,0,4,2,0,0
1,449,1511,1,0,1,1,0,1
1,450,1111,1,0,4,3,0,0
1,451,1111,1,0,2,2,0,1
1,452,1111,1,0,2,4,0,0
1,453,1111,1,0,0,5,0,0
1,454,1111,1,2,2,0,0,0
1,455,1111,1,0,4,0,1,0
1,456,1111,1,4,4,3,0,0
1,457,1411,1,0,2,4,0,0
1,458,1411,1,0,3,2,0,0
1,459,1111,1,0,2,0,1,0
1,460,1111,1,3,3,3,1,1
1,461,1111,1,4,2,2,0,1
1,462,1111,1,0,0,2,0,0
1,463,1112,1,4,2,2,0,1
1,464,1111,1,0,0,3,0,0
1,465,2111,1,5,2,5,1,0
1,466,2111,1,0,1,0,1,0
1,467,2111,1,0,3,0,1,0
1,468,2111,1,0,3,0,1,0
1,469,2111,1,5,0,0,0,1
1,470,2111,1,0,2,2,0,1
1,471,4111,1,0,1,0,1,0
1,472,4111,1,0,3,2,0,0
1,473,1111,1,0,1,2,0,0
1,474,1122,1,0,0,4,0,0
1,475,1121,1,0,2,5,0,0
1,476,1121,1,0,2,0,1,0
1,477,1121,1,0,3,1,0,0
1,478,1141,1,5,2,0,0,0
1,479,1141,1,0,3,4,0,0
1,480,1111,1,3,4,1,0,0
1,481,1211,1,2,2,0,0,0
1,482,1211,1,5,1,1,0,1
1,483,1211,1,2,3,3,0,1
1,484,1111,1,2,1,2,1,0
1,485,1151,1,0,3,1,0,0
1,486,1111,1,1,3,0,0,0
1,487,1111,1,2,1,5,0,0
1,488,1111,1,0,0,1,0,0
1,489,1142,1,0,2,0,1,0
1,490,1142,1,0,2,2,0,1
1,491,1141,1,0,1,0,1,0
1,492,1111,1,1,0,0,0,1
1,493,1111,1,1,0,2,0,0
1,494,1111,1,0,1,1,0,1
1,495,1111,1,2,4,4,0,1
1,496,1211,1,0,2,0,1,0
1,497,1211,1,5,1,3,0,0
1,498,1111,1,3,2,1,0,0
1,499,1112,1,0,2,2,0,1
1,500,1111,1,2,1,0,0,0
1,501,1111,1,0,3,3,0,1
1,502,2111,1,1,2,0,0,0
1,503,2111,1,3,0,0,0,1
1,504,2111,1,0,1,4,0,0
1,505,1111,1,4,1,3,0,0
1,506,2111,1,2,1,0,0,0
1,507,2111,1,0,1,2,0,0
1,508,1111,1,0,0,0,1,1
1,509,1111,1,2,0,2,1,0
1,510,1121,1,0,0,1,0,0
1,511,1111,1,0,2,1,0,0
1,512,2111,1,1,3,0,0,0
1,513,2111,1,0,3,4,0,0
1,514,1111,1,2,2,3,0,0
1,515,2111,1,0,1,2,0,0
1,516,1111,1,0,4,0,1,0
1,517,1111,1,0,2,3,0,0
1,518,1112,1,0,1,1,0,1
1,519,1112,1,0,3,0,1,0
1,520,1112,1,0,3,5,0,0
1,521,1112,1,1,0,0,0,1
1,522,1112,1,0,2,1,0,0
1,523,1242,1,0,1,2,0,0
1,524,1142,1,0,2,4,0,0
1,525,2111,1,0,1,0,1,0
1,526,2111,1,0,2,3,0,0
1,527,1112,1,0,0,0,1,1
1,528,1112,1,1,1,4,0,0
1,529,2111,1,0,1,4,0,0
1,530,1111,1,0,1,3,0,0
1,531,2111,1,0,1,0,1,0
1,532,2111,1,0,3,4,0,0
1,533,1111,1,0,4,4,0,1
1,534,1211,1,0,2,1,0,0
1,535,1211,1,0,3,3,0,1
1,536,1112,1,0,1,5,0,0
1,537,1112,1,5,2,2,0,1
1,538,4111,1,0,3,0,1,0
1,539,4111,1,1,3,1,1,0
1,540,4112,1,0,3,2,0,0
1,541,1111,1,0,4,2,0,0
1,542,1111,1,5,0,4,0,0
1,543,1211,1,0,1,0,1,0
1,544,1211,1,0,0,1,0,0
1,545,1211,1,0,1,2,0,0
1,546,1211,1,0,0,3,0,0
1,547,1111,1,5,2,1,0,0
1,548,1111,1,0,2,1,0,0
1,549,1112,1,1,1,0,0,0
1,550,1112,1,0,0,1,0,0
1,551,1111,1,0,4,2,0,0
1,552,1112,1,0,2,0,1,0
1,553,1112,1,2,1,0,0,0
1,554,1112,1,2,0,0,0,1
1,555,1112,1,0,0,1,0,0
1,556,1511,1,5,4,5,1,0
1,557,1511,1,0,4,3,0,0
1,558,1421,1,1,1,1,1,1
1,559,1111,1,0,1,3,0,0
1,560,1112,1,0,1,0,1,0
1,561,1112,1,1,1,1,1,1
1,562,1112,1,2,2,1,0,0
1,563,1112,1,0,1,0,1,0
1,564,1112,1,4,0,1,0,0
1,565,2112,1,0,0,4,0,0
1,566,2111,1,0,3,4,0,0
1,567,2111,1,0,2,3,0,0
1,568,2111,1,0,0,4,0,0
1,569,2111,1,0,2,3,0,0
1,570,2111,1,0,2,5,0,0
1,571,2111,1,0,3,3,0,1
1,572,2412,1,0,1,0,1,0
1,573,2412,1,2,0,4,0,0
1,574,2411,1,0,1,4,0,0
1,575,2411,1,0,2,2,0,1
1,576,1111,1,0,3,0,1,0
1,577,2111,1,0,3,2,0,0
1,578,1111,1,0,2,0,1,0
1,579,1111,1,0,3,1,0,0
1,580,2111,1,0,0,2,0,0
1,581,1111,1,0,0,3,0,0
1,582,1112,1,2,2,4,0,0
1,583,1111,1,0,4,4,0,1
1,584,1111,1,4,0,4,1,0
1,585,1111,1,3,3,1,0,0
1,586,2211,1,0,2,2,0,1
1,587,1111,1,0,4,1,0,0
1,588,2211,1,0,0,0,1,1
1,589,2211,1,0,0,0,1,1
1,590,2211,1,0,1,0,1,0
1,591,2211,1,0,2,0,1,0
1,592,2211,1,2,1,0,0,0
1,593,2211,1,0,0,0,1,1
1,594,2211,1,5,2,3,0,0
1,595,2111,1,0,1,2,0,0
1,596,1111,1,0,1,2,0,0
1,597,1111,1,0,0,0,1,1
1,598,1111,1,0,0,1,0,0
1,599,1711,1,0,1,3,0,0
1,600,1111,1,4,0,0,0,1
1,601,1111,1,0,4,4,0,1
1,602,1111,1,0,3,3,0,1
1,603,1111,1,3,0,3,1,0
1,604,1112,1,2,2,1,0,0
1,605,2112,1,0,2,4,0,0
1,606,2711,1,0,3,0,1,0
1,607,2711,1,4,2,2,0,1
1,608,1711,1,5,1,3,0,0
1,609,1112,1,4,3,0,0,0
1,610,1112,1,0,2,0,1,0
1,611,1112,1,5,3,1,0,0
1,612,2112,1,0,0,0,1,1
1,613,2112,1,0,2,4,0,0
1,614,2171,1,4,2,3,0,0
1,615,2112,1,2,1,0,0,0
1,616,2112,1,0,2,2,0,1
1,617,1112,1,4,2,2,0,1
1,618,1112,1,0,1,2,0,0
1,619,1122,1,4,0,1,0,0
1,620,1712,1,5,3,2,0,0
1,621,1122,1,4,0,0,0,1
1,622,1122,1,0,1,0,1,0
1,623,1122,1,0,1,0,1,0
1,624,1122,1,4,1,0,0,0
1,625,1122,1,4,0,0,0,1
1,626,1122,1,0,0,0,1,1
1,627,1122,1,4,0,0,0,1
1,628,1122,1,0,2,0,1,0
1,629,1122,1,0,1,0,1,0
1,630,1122,1,0,0,0,1,1
1,631,1122,1,1,0,1,1,0
1,632,1112,1,0,3,1,0,0
1,633,1112,1,1,0,0,0,1
1,634,1112,1,0,3,0,1,0
1,635,1112,1,0,3,0,1,0
1,636,1112,1,0,1,0,1,0
1,637,1112,1,0,2,0,1,0
1,638,1112,1,0,0,4,0,0
1,639,1111,1,4,4,0,0,0
1,640,1111,1,0,0,4,0,0
1,641,1111,1,0,0,4,0,0
1,642,1111,1,1,4,0,0,0
1,643,1111,1,1,1,2,0,0
1,644,1111,1,4,3,0,0,0
1,645,1111,1,0,0,0,1,1
1,646,1111,1,0,3,4,0,0
1,647,1121,1,4,1,0,0,0
1,648,1121,1,0,3,0,1,0
1,649,1121,1,3,0,1,0,0
1,650,2111,1,1,1,0,0,0
1,651,2111,1,0,3,3,0,1
1,652,2111,1,0,2,0,1,0
1,653,2111,1,0,1,0,1,0
1,654,2111,1,0,0,0,1,1
1,655,2111,1,0,2,3,0,0
1,656,2111,1,0,0,2,0,0
1,657,1111,1,0,2,0,1,0
1,658,1111,1,0,3,3,0,1
1,659,7112,1,0,1,4,0,0
1,660,1111,1,0,3,4,0,0
1,661,1111,1,5,0,2,0,0
1,662,1221,1,0,0,0,1,1
1,663,1221,1,0,0,0,1,1
1,664,1221,1,0,2,0,1,0
1,665,1221,1,0,0,3,0,0
1,666,1111,1,0,2,1,0,0
1,667,7111,1,5,1,4,0,0
1,668,7111,1,1,3,0,0,0
1,669,7111,1,1,0,0,0,1
1,670,1111,1,0,3,4,0,0
1,671,1121,1,4,3,0,0,0
1,672,1127,1,0,1,1,0,1
1,673,2117,1,3,1,3,1,0
1,674,2171,1,0,1,4,0,0
1,675,2111,1,2,0,3,0,0
1,676,2111,1,0,2,2,0,1
1,677,1111,1,0,2,4,0,0
1,678,1121,1,0,3,1,0,0
1,679,2111,1,0,3,0,1,0
1,680,2111,1,0,0,0,1,1
1,681,2111,1,0,1,4,0,0
1,682,2211,1,0,0,2,0,0
1,683,1221,1,5,0,0,0,1
1,684,1221,1,0,0,0,1,1
1,685,1221,1,0,2,0,1,0
1,686,1221,1,0,2,0,1,0
1,687,1221,1,0,2,3,0,0
1,688,1121,1,0,1,0,1,0
1,689,1121,1,0,3,0,1,0
1,690,1121,1,5,0,0,0,1
1,691,1121,1,0,3,0,1,0
1,692,1121,1,0,0,4,0,0
1,693,1221,1,0,2,0,1,0
1,694,1221,1,0,2,0,1,0
1,695,1221,1,0,0,3,0,0
1,696,1127,1,0,2,0,1,0
1,697,1121,1,3,3,0,0,0
1,698,1121,1,4,1,0,0,0
1,699,1121,1,0,3,0,1,0
1,700,1121,1,0,0,4,0,0
1,701,1221,1,0,0,1,0,0
1,702,2211,1,0,2,0,1,0
1,703,2211,1,0,0,2,0,0
1,704,1221,1,0,1,0,1,0
1,705,1221,1,0,0,0,1,1
1,706,1221,1,0,1,3,0,0
1,707,1121,1,0,3,1,0,0
1,708,2111,1,4,2,0,0,0
1,709,2111,1,0,1,0,1,0
1,710,2111,1,0,0,0,1,1
1,711,2111,1,0,1,0,1,0
1,712,2111,1,0,0,0,1,1
1,713,2111,1,0,1,3,0,0
1,714,2111,1,0,0,3,0,0
1,715,2111,1,0,2,4,0,0
1,716,2111,1,0,2,0,1,0
1,717,2111,1,0,2,0,1,0
1,718,2111,1,2,1,3,0,0
1,719,2111,1,0,1,0,1,0
1,720,2111,1,4,1,4,1,0
1,721,2111,1,0,2,0,1,0
1,722,2111,1,4,2,4,1,0
1,723,2111,1,5,0,0,0,1
1,724,2111,1,0,1,2,0,0
1,725,1121,1,0,3,4,0,0
2,0,1211,0,0,2,0,1,0
2,1,1211,1,2,3,1,0,0
2,2,2111,1,0,1,5,0,0
2,3,2111,1,0,2,3,0,0
2,4,2412,0,0,1,2,0,0
2,5,1131,0,5,0,3,0,0
2,6,2113,0,0,2,0,1,0
2,7,2113,0,0,2,2,0,1
2,8,1312,0,0,2,2,0,1
2,9,1111,0,0,4,0,1,0
2,10,1111,0,0,4,4,0,1
2,11,3111,0,0,0,3,0,0
2,12,1111,0,2,1,4,0,0
2,13,3111,0,1,1,4,0,0
2,14,1131,0,0,0,3,0,0
2,15,3111,0,0,3,5,0,0
2,16,3111,0,0,2,4,0,0
2,17,1134,0,0,1,1,0,1
2,18,1113,0,0,0,1,0,0
2,19,1211,0,0,0,0,1,1
2,20,1211,0,0,0,1,0,0
2,21,2111,0,0,1,3,0,0
2,22,2112,0,2,1,0,0,0
2,23,2112,0,0,2,2,0,1
2,24,1131,0,0,2,4,0,0
2,25,1211,0,0,2,3,0,0
2,26,1151,0,0,2,3,0,0
2,27,2113,0,0,1,0,1,0
2,28,2113,0,0,0,0,1,1
2,29,2113,0,0,0,0,1,1
2,30,2113,0,0,2,0,1,0
2,31,2113,0,0,1,0,1,0
2,32,2113,0,2,0,2,1,0
2,33,1612,0,2,1,4,0,0
2,34,1111,0,1,0,3,0,0
2,35,1112,0,0,3,2,0,0
2,36,1111,0,0,0,5,0,0
2,37,1111,0,4,0,4,1,0
2,38,1114,0,0,4,3,0,0
2,39,1114,0,4,2,1,0,0
2,40,1112,0,4,3,4,1,0
2,41,1111,0,0,1,1,0,1
2,42,1111,0,0,2,2,0,1
2,43,1111,0,0,1,3,0,0
2,44,1112,0,4,1,0,0,0
2,45,1112,0,0,1,1,0,1
2,46,2113,0,0,0,0,1,1
2,47,2113,0,0,2,2,0,1
2,48,1112,0,0,2,0,1,0
2,49,1112,0,0,3,4,0,0
2,50,1111,0,0,1,4,0,0
2,51,1111,0,0,4,0,1,0
2,52,1111,0,0,4,1,0,0
2,53,1211,0,0,1,1,0,1
2,54,2111,0,0,3,5,0,0
2,55,2111,0,0,2,2,0,1
2,56,4211,1,0,1,0,1,0
2,57,4211,1,3,0,3,1,0
2,58,1111,1,5,4,4,0,1
2,59,4211,0,0,2,2,0,1
2,60,1111,0,3,4,2,0,0
2,61,1131,0,0,3,4,0,0
2,62,1211,0,1,0,1,1,0
2,63,2211,0,0,0,0,1,1
2,64,2211,0,0,0,0,1,1
2,65,2211,0,0,0,0,1,1
2,66,2211,0,0,1,2,0,0
2,67,1211,0,0,3,1,0,0
2,68,2211,0,0,0,3,0,0
2,69,1111,0,0,3,2,0,0
2,70,1131,0,0,3,3,0,1
2,71,1111,0,0,2,5,0,0
2,72,1111,0,0,0,3,0,0
2,73,1411,0,4,1,4,1,0
2,74,1411,0,0,2,1,0,0
2,75,1111,0,0,3,4,0,0
2,76,1111,0,0,3,2,0,0
2,77,1431,1,0,1,0,1,0
2,78,1431,1,0,0,0,1,1
2,79,1431,1,1,3,0,0,0
2,80,1431,1,0,2,3,0,0
2,81,1511,1,0,1,2,0,0
2,82,1321,1,0,0,1,0,0
2,83,1511,1,0,1,1,0,1
2,84,1111,1,1,2,0,0,0
2,85,1111,1,3,2,1,0,0
2,86,1111,1,0,4,4,0,1
2,87,1211,1,4,1,5,0,0
2,88,1211,1,0,1,1,0,1
2,89,2141,1,0,0,0,1,1
2,90,2141,1,4,0,0,0,1
2,91,2141,1,0,2,0,1,0
2,92,2141,1,0,0,0,1,1
2,93,2141,1,0,3,2,0,0
2,94,1241,1,0,0,3,0,0
2,95,1111,1,0,3,0,1,0
2,96,1111,1,0,0,3,0,0
2,97,2113,1,0,0,5,0,0
2,98,2113,1,0,2,0,1,0
2,99,2113,1,2,0,0,0,1
2,100,2113,1,0,2,0,1,0
2,101,2113,1,0,1,0,1,0
2,102,2113,1,0,0,0,1,1
2,103,2113,1,0,2,0,1,0
2,104,2113,1,0,2,4,0,0
2,105,1114,1,0,3,0,1,0
2,106,1114,1,0,4,4,0,1
2,107,1215,1,0,3,2,0,0
2,108,1111,1,0,2,0,1,0
2,109,1111,1,0,2,5,0,0
2,110,1111,1,4,0,4,1,0
2,111,2214,1,0,0,0,1,1
2,112,2214,1,0,2,2,0,1
2,113,1211,1,0,3,0,1,0
2,114,1211,1,0,1,0,1,0
2,115,1211,1,0,0,0,1,1
2,116,1211,1,0,2,2,0,1
2,117,1231,1,0,1,0,1,0
2,118,1231,1,0,1,0,1,0
2,119,1231,1,3,2,3,1,0
2,120,5131,0,0,2,3,0,0
2,121,1121,0,0,3,3,0,1
2,122,1121,0,0,3,4,0,0
2,123,1121,0,0,3,0,1,0
2,124,1121,0,0,0,0,1,1
2,125,1121,0,0,0,5,0,0
2,126,1121,0,3,3,4,0,0
2,127,1134,0,0,3,3,0,1
2,128,1124,1,0,1,0,1,0
2,129,1121,1,0,1,4,0,0
2,130,1131,1,0,1,0,1,0
2,131,1131,1,0,2,0,1,0
2,132,1131,1,0,2,1,0,0
2,133,1111,1,0,2,1,0,0
2,134,1111,1,0,1,0,1,0
2,135,1111,1,4,0,2,0,0
2,136,1111,1,0,3,2,0,0
2,137,1131,1,4,2,5,0,0
2,138,1131,1,0,0,0,1,1
2,139,1131,1,4,0,0,0,1
2,140,1131,1,0,2,0,1,0
2,141,1131,1,0,3,4,0,0
2,142,1234,1,0,1,1,0,1
2,143,1211,1,3,1,2,0,0
2,144,1234,1,1,1,3,0,0
2,145,1134,1,4,0,3,0,0
2,146,1124,1,0,2,4,0,0
2,147,1131,1,1,1,0,0,0
2,148,1131,1,0,0,0,1,1
2,149,1131,1,0,1,0,1,0
2,150,1131,1,0,2,3,0,0
2,151,1125,1,0,0,1,0,0
2,152,1111,1,0,4,4,0,1
2,153,1111,1,0,1,5,0,0
2,154,1111,1,0,3,3,0,1
2,155,1411,1,0,4,1,0,0
2,156,1111,1,0,3,1,0,0
2,157,1111,1,0,3,4,0,0
2,158,1211,1,0,2,0,1,0
2,159,1211,1,0,3,0,1,0
2,160,1211,1,0,1,3,0,0
2,161,1111,1,0,4,0,1,0
2,162,1111,1,0,1,3,0,0
2,163,2116,0,0,1,5,0,0
2,164,2116,0,4,2,3,0,0
2,165,1423,0,1,0,1,1,0
2,166,2212,0,4,0,2,0,0
2,167,1423,0,0,0,4,0,0
2,168,2411,1,2,0,0,0,1
2,169,2111,1,0,1,0,1,0
2,170,2111,1,0,0,3,0,0
2,171,1123,1,0,2,4,0,0
2,172,2111,1,0,2,0,1,0
2,173,2511,1,0,1,0,1,0
2,174,2511,1,2,3,0,0,0
2,175,2511,1,3,3,2,0,0
2,176,1112,1,0,3,1,0,0
2,177,2511,1,0,2,3,0,0
2,178,1123,1,2,1,0,0,0
2,179,1123,1,0,2,1,0,0
2,180,2212,1,0,0,2,0,0
2,181,1123,1,0,2,0,1,0
2,182,1123,1,0,0,1,0,0
2,183,2212,1,0,0,2,0,0
2,184,1123,1,0,1,0,1,0
2,185,1123,1,0,2,4,0,0
2,186,2111,1,0,2,2,0,1
2,187,1112,1,0,1,0,1,0
2,188,1112,1,0,3,4,0,0
2,189,1111,1,1,4,1,1,0
2,190,1111,1,4,1,4,1,0
2,191,1211,1,0,0,0,1,1
2,192,1211,1,0,3,0,1,0
2,193,1211,1,0,0,3,0,0
2,194,1111,1,0,3,0,1,0
2,195,1111,1,0,2,1,0,0
2,196,2112,1,0,0,2,0,0
2,197,1111,1,0,0,4,0,0
2,198,1211,1,3,0,2,0,0
2,199,1111,1,0,3,4,0,0
2,200,2211,1,0,1,0,1,0
2,201,2211,1,0,2,0,1,0
2,202,2211,1,2,2,5,0,0
2,203,2211,1,0,0,3,0,0
2,204,1411,1,2,0,0,0,1
2,205,1411,1,2,2,1,0,0
2,206,1211,1,1,3,0,0,0
2,207,1211,1,5,0,0,0,1
2,208,1211,1,0,2,1,0,0
2,209,2111,1,1,1,4,0,0
2,210,2221,1,0,1,3,0,0
2,211,2111,1,0,1,2,0,0
2,212,1251,1,0,2,3,0,0
2,213,1151,1,1,3,0,0,0
2,214,1151,1,1,3,4,0,0
2,215,1251,1,0,3,0,1,0
2,216,1251,1,0,0,1,0,0
2,217,2111,1,0,0,3,0,0
2,218,2112,1,0,1,0,1,0
2,219,2112,1,0,0,4,0,0
2,220,2111,1,0,0,5,0,0
2,221,2111,1,5,1,0,0,0
2,222,2111,1,0,3,0,1,0
2,223,2111,1,0,3,3,0,1
2,224,2412,1,0,2,0,1,0
2,225,2412,1,0,0,2,0,0
2,226,1111,1,0,1,2,0,0
2,227,1111,1,4,3,3,0,1
2,228,1112,1,0,3,1,0,0
2,229,2111,1,0,1,3,0,0
2,230,1123,1,0,2,5,0,0
2,231,1123,1,0,0,4,0,0
2,232,2114,1,0,2,2,0,1
2,233,1112,1,0,1,0,1,0
2,234,1112,1,5,3,0,0,0
2,235,1112,1,0,2,4,0,0
2,236,1111,1,0,3,2,0,0
2,237,1111,1,0,4,0,1,0
2,238,1111,1,0,0,4,0,0
2,239,1111,1,0,1,3,0,0
2,240,1111,1,5,4,0,0,0
2,241,1111,1,0,2,1,0,0
2,242,5111,1,0,4,2,0,0
2,243,1111,1,2,1,5,0,0
2,244,1111,1,0,3,0,1,0
2,245,1111,1,0,1,1,0,1
2,246,1141,1,2,0,1,0,0
2,247,1111,1,0,4,0,1,0
2,248,1111,1,4,3,0,0,0
2,249,1111,1,0,4,2,0,0
2,250,1141,1,0,2,4,0,0
2,251,1111,1,0,1,0,1,0
2,252,1111,1,0,4,1,0,0
2,253,1215,1,0,2,0,1,0
2,254,1215,1,0,0,0,1,1
2,255,1215,1,0,0,0,1,1
2,256,1215,1,1,2,5,0,0
2,257,1215,1,2,0,0,0,1
2,258,1211,1,0,2,3,0,0
2,259,1411,1,0,1,1,0,1
2,260,2112,1,0,1,0,1,0
2,261,2112,1,0,0,0,1,1
2,262,2112,1,0,0,4,0,0
2,263,2141,1,0,2,3,0,0
2,264,2112,1,4,1,4,1,0
2,265,2141,1,0,3,4,0,0
2,266,2225,1,3,1,0,0,0
2,267,2225,1,0,1,0,1,0
2,268,2225,1,0,0,0,1,1
2,269,2225,1,0,0,0,1,1
2,270,2225,1,0,0,0,1,1
2,271,2221,1,2,1,0,0,0
2,272,2221,1,0,0,0,1,1
2,273,2221,1,0,0,3,0,0
2,274,2111,1,0,1,0,1,0
2,275,2111,1,0,1,0,1,0
2,276,2111,1,0,3,5,0,0
2,277,2111,1,0,2,0,1,0
2,278,2111,1,0,2,3,0,0
2,279,2412,1,0,1,2,0,0
2,280,1111,1,0,2,3,0,0
2,281,2111,1,0,0,2,0,0
2,282,1112,1,0,1,0,1,0
2,283,1112,1,0,2,1,0,0
2,284,2111,1,0,2,0,1,0
2,285,2111,1,0,1,0,1,0
2,286,2111,1,0,1,2,0,0
2,287,1112,1,0,0,2,0,0
2,288,1111,1,0,0,3,0,0
2,289,2111,1,0,3,3,0,1
2,290,1111,1,0,4,4,0,1
2,291,2111,1,3,3,3,1,1
2,292,1111,1,0,4,3,0,0
2,293,1111,1,0,2,3,0,0
2,294,1111,1,4,0,1,0,0
2,295,1117,1,0,0,5,0,0
2,296,1117,1,3,4,4,0,1
2,297,1114,1,3,3,2,0,0
2,298,1111,1,1,1,1,1,1
2,299,1114,1,0,2,1,0,0
2,300,1111,1,0,0,1,0,0
2,301,2211,1,0,2,2,0,1
2,302,1111,1,0,2,0,1,0
2,303,1111,1,0,4,0,1,0
2,304,1111,1,5,4,0,0,0
2,305,1155,1,0,0,4,0,0
2,306,2151,1,5,0,0,0,1
2,307,2151,1,0,3,5,0,0
2,308,2151,1,0,2,4,0,0
2,309,1124,1,3,0,4,0,0
2,310,2111,1,0,2,3,0,0
2,311,1124,1,2,3,0,0,0
2,312,1124,1,0,1,0,1,0
2,313,1124,1,3,0,3,1,0
2,314,2114,1,4,3,0,0,0
2,315,2111,1,0,3,4,0,0
2,316,1121,1,0,2,1,0,0
2,317,2212,1,0,0,5,0,0
2,318,2212,1,0,1,0,1,0
2,319,2212,1,0,1,0,1,0
2,320,2212,1,0,0,2,0,0
2,321,4125,1,2,2,0,0,0
2,322,4121,1,0,2,4,0,0
2,323,2111,1,0,0,0,1,1
2,324,2111,1,0,0,0,1,1
2,325,2111,1,3,0,4,0,0
2,326,1111,1,0,3,1,0,0
2,327,2112,1,0,0,0,1,1
2,328,2112,1,0,2,0,1,0
2,329,2112,1,0,0,0,1,1
2,330,2112,1,0,2,4,0,0
2,331,2111,1,0,2,4,0,0
2,332,2221,1,0,0,3,0,0
2,333,2111,1,0,1,2,0,0
2,334,1211,1,0,1,5,0,0
2,335,1211,1,0,3,0,1,0
2,336,1211,1,0,3,0,1,0
2,337,1211,1,3,3,1,0,0
2,338,2141,1,0,2,4,0,0
2,339,2221,1,0,1,3,0,0
2,340,2141,1,5,0,0,0,1
2,341,2141,1,3,3,2,0,0
2,342,1241,1,0,2,2,0,1
2,343,1141,1,0,4,4,0,1
2,344,2215,1,0,2,0,1,0
2,345,2215,1,0,2,0,1,0
2,346,2215,1,0,0,2,0,0
2,347,1255,1,0,2,0,1,0
2,348,1255,1,0,3,0,1,0
2,349,1211,1,0,1,0,1,0
2,350,1211,1,5,3,0,0,0
2,351,1211,1,0,3,5,0,0
2,352,1211,1,0,0,2,0,0
2,353,4231,1,0,1,3,0,0
2,354,1161,1,0,0,3,0,0
2,355,1121,1,0,2,0,1,0
2,356,1121,1,0,2,0,1,0
2,357,1121,1,0,0,0,1,1
2,358,1121,1,0,3,0,1,0
2,359,1121,1,3,2,0,0,0
2,360,1121,1,0,0,3,0,0
2,361,1121,1,0,2,4,0,0
2,362,5121,1,0,3,0,1,0
2,363,5121,1,0,1,3,0,0
2,364,1121,1,0,0,0,1,1
2,365,1121,1,4,3,4,1,0
2,366,1121,1,0,1,3,0,0
2,367,1127,1,0,2,0,1,0
2,368,1127,1,0,0,3,0,0
2,369,7121,1,0,1,0,1,0
2,370,7121,1,1,2,1,1,0
2,371,2117,1,0,2,2,0,1
2,372,1121,1,3,3,5,0,0
2,373,1121,1,1,3,1,1,0
2,374,2141,1,0,0,4,0,0
2,375,1111,1,0,0,2,0,0
2,376,1124,1,1,2,0,0,0
2,377,1124,1,0,2,0,1,0
2,378,1124,1,0,2,4,0,0
2,379,1121,1,4,2,0,0,0
2,380,1121,1,3,1,0,0,0
2,381,1121,1,0,0,4,0,0
2,382,1165,1,0,3,1,0,0
2,383,1111,1,0,2,5,0,0
2,384,1111,1,0,4,2,0,0
2,385,4165,1,0,3,1,0,0
2,386,4111,1,3,0,1,0,0
2,387,4111,1,0,3,0,1,0
2,388,1111,1,0,3,2,0,0
2,389,1111,1,0,1,0,1,0
2,390,1111,1,0,1,0,1,0
2,391,1111,1,2,3,2,1,0
2,392,1161,1,0,3,0,1,0
2,393,1161,1,0,4,5,0,0
2,394,1161,1,4,4,4,1,1
2,395,1214,1,0,0,0,1,1
2,396,1214,1,0,2,3,0,0
2,397,1164,1,2,1,3,0,0
2,398,1124,1,0,1,4,0,0
2,399,1161,1,1,1,0,0,0
2,400,1161,1,2,2,3,0,0
2,401,1121,1,0,0,4,0,0
2,402,1161,1,0,2,1,0,0
2,403,1111,1,2,2,2,1,1
2,404,1165,1,0,2,0,1,0
2,405,1165,1,2,3,2,1,0
2,406,1112,1,5,3,2,0,0
2,407,1211,1,1,0,1,1,0
2,408,1112,1,2,1,0,0,0
2,409,1112,1,0,1,0,1,0
2,410,1112,1,0,0,0,1,1
2,411,1112,1,4,3,0,0,0
2,412,1112,1,0,2,2,0,1
2,413,1211,1,0,2,0,1,0
2,414,1211,1,0,0,0,1,1
2,415,1211,1,0,0,1,0,0
2,416,1112,1,2,0,1,0,0
2,417,1111,1,0,0,2,0,0
2,418,1112,1,0,1,0,1,0
2,419,1112,1,0,0,1,0,0
2,420,1111,1,0,4,3,0,0
2,421,1121,1,0,1,1,0,1
2,422,1111,1,0,0,0,1,1
2,423,1111,1,0,0,3,0,0
2,424,1111,1,4,4,4,1,1
2,425,1111,1,2,2,2,1,1
2,426,1121,1,0,0,4,0,0
2,427,1111,1,0,1,2,0,0
2,428,1112,1,0,3,0,1,0
2,429,1112,1,0,3,0,1,0
2,430,1112,1,0,2,0,1,0
2,431,1112,1,2,2,2,1,1
2,432,1211,1,0,0,1,0,0
2,433,1112,1,1,1,5,0,0
2,434,1172,1,0,3,1,0,0
2,435,1141,1,2,3,1,0,0
2,436,1111,1,0,2,3,0,0
2,437,1111,1,2,3,1,0,0
2,438,1111,1,4,2,1,0,0
2,439,1111,1,0,0,4,0,0
2,440,1211,1,0,3,1,0,0
2,441,2111,1,0,0,2,0,0
2,442,1211,1,0,3,1,0,0
2,443,2111,1,0,1,2,0,0
2,444,1211,1,0,2,0,1,0
2,445,1211,1,0,1,3,0,0
2,446,1111,1,0,0,1,0,0
2,447,2112,1,0,2,0,1,0
2,448,2112,1,0,0,0,1,1
2,449,2112,1,0,0,0,1,1
2,450,2112,1,0,1,0,1,0
2,451,2112,1,0,0,5,0,0
2,452,2112,1,5,2,2,0,1
2,453,4111,1,0,1,5,0,0
2,454,4111,1,3,3,4,0,0
2,455,1214,1,0,3,0,1,0
2,456,1214,1,0,3,2,0,0
2,457,1111,1,0,2,2,0,1
2,458,1111,1,4,2,1,0,0
2,459,1111,1,0,1,2,0,0
0,0,1111,0,0,4,0,1,0
0,1,1111,1,0,2,1,0,0
0,2,1111,1,0,1,4,0,0
0,3,2211,1,0,2,2,0,1
0,4,1111,1,0,2,3,0,0
0,5,1111,1,0,3,3,0,1
0,6,1122,1,0,0,0,1,1
0,7,1122,1,0,1,0,1,0
0,8,1122,1,5,1,4,0,0
0,9,1111,1,0,3,0,1,0
0,10,1111,1,0,0,2,0,0
0,11,1122,1,0,2,0,1,0
0,12,1122,1,0,2,0,1,0
0,13,1122,1,0,2,4,0,0
0,14,1121,1,4,2,0,0,0
0,15,1121,1,0,2,3,0,0
0,16,1122,1,0,0,0,1,1
0,17,1122,1,5,2,0,0,0
0,18,1122,1,0,1,1,0,1
0,19,1111,1,0,2,1,0,0
0,20,1111,1,5,3,1,0,0
0,21,3213,1,0,0,0,1,1
0,22,3213,1,0,0,2,0,0
0,23,1111,1,0,1,3,0,0
0,24,3112,1,1,0,0,0,1
0,25,3112,1,0,1,0,1,0
0,26,3112,1,0,1,0,1,0
0,27,3112,1,0,2,2,0,1
0,28,1122,1,0,1,0,1,0
0,29,1122,1,0,1,0,1,0
0,30,1122,1,0,0,0,1,1
0,31,1122,1,0,1,0,1,0
0,32,1122,1,0,1,5,0,0
0,33,1122,1,0,1,0,1,0
0,34,1122,1,0,0,0,1,1
0,35,1122,1,0,0,1,0,0
0,36,3142,1,0,2,4,0,0
0,37,1111,1,4,3,3,0,1
0,38,3142,1,0,0,0,1,1
0,39,3142,1,5,2,4,0,0
0,40,1111,1,1,1,4,0,0
0,41,2211,1,2,1,0,0,0
0,42,2211,1,0,2,0,1,0
0,43,2211,1,2,2,2,1,1
0,44,1115,0,0,0,2,0,0
0,45,1121,0,4,0,0,0,1
0,46,1121,0,0,2,0,1,0
0,47,1121,0,0,0,0,1,1
0,48,1121,0,0,3,4,0,0
0,49,1121,0,0,0,5,0,0
0,50,1121,0,0,2,1,0,0
0,51,2341,0,3,0,3,1,0
0,52,1111,0,0,4,1,0,0
0,53,2211,0,0,2,0,1,0
0,54,2211,0,0,0,0,1,1
0,55,2211,0,0,1,0,1,0
0,56,2211,0,0,0,0,1,1
0,57,2211,0,0,2,0,1,0
0,58,2211,0,0,1,0,1,0
0,59,2211,0,0,2,0,1,0
0,60,2211,0,0,1,0,1,0
0,61,2211,0,0,0,2,0,0
0,62,1551,0,0,3,1,0,0
0,63,2211,0,4,0,2,0,0
0,64,1111,0,0,2,1,0,0
0,65,2211,0,0,2,0,1,0
0,66,2211,0,0,1,0,1,0
0,67,2211,0,0,1,3,0,0
0,68,1111,0,0,3,2,0,0
0,69,1111,0,1,2,3,0,0
0,70,1122,0,0,0,4,0,0
0,71,1111,0,0,0,4,0,0
0,72,1111,0,2,4,1,0,0
0,73,2211,0,0,0,2,0,0
0,74,1111,0,0,1,4,0,0
0,75,2311,0,2,1,0,0,0
0,76,2311,0,0,0,2,0,0
0,77,1121,0,0,1,4,0,0
0,78,3121,0,0,2,5,0,0
0,79,3121,0,0,2,0,1,0
0,80,3121,0,2,2,3,0,0
0,81,1421,0,0,2,0,1,0
0,82,1421,0,1,1,0,0,0
0,83,1421,0,0,3,0,1,0
0,84,1421,0,1,0,0,0,1
0,85,1421,0,1,0,0,0,1
0,86,1421,0,0,3,3,0,1
0,87,1121,0,0,3,0,1,0
0,88,1521,0,0,2,3,0,0
0,89,1122,0,1,1,0,0,0
0,90,1122,0,0,1,0,1,0
0,91,1122,0,0,2,0,1,0
0,92,1122,0,0,0,1,0,0
0,93,1111,0,0,2,2,0,1
0,94,1122,0,0,1,5,0,0
0,95,1122,0,0,2,0,1,0
0,96,1122,0,0,2,4,0,0
0,97,1124,0,4,3,4,1,0
0,98,1121,0,3,2,3,1,0
0,99,1124,0,0,2,0,1,0
0,100,1124,0,2,1,0,0,0
0,101,1124,0,4,1,0,0,0
0,102,1124,0,3,1,0,0,0
0,103,1124,0,0,0,1,0,0
0,104,1155,0,0,1,0,1,0
0,105,1155,0,3,0,1,0,0
0,106,2211,0,1,1,0,0,0
0,107,2211,0,0,0,2,0,0
0,108,1155,0,0,4,4,0,1
0,109,2611,0,2,0,0,0,1
0,110,2611,0,0,2,0,1,0
0,111,2611,0,0,0,2,0,0
0,112,1121,0,0,1,4,0,0
0,113,6121,0,0,3,4,0,0
0,114,1221,0,0,1,3,0,0
0,115,6121,0,0,0,5,0,0
0,116,6121,0,0,3,3,0,1
0,117,1421,0,1,0,0,0,1
0,118,1421,0,0,0,3,0,0
0,119,1121,0,0,3,0,1,0
0,120,1121,0,0,3,1,0,0
0,121,1111,0,0,0,1,0,0
0,122,2211,0,0,2,3,0,0
0,123,1111,0,0,2,0,1,0
0,124,1111,0,3,3,2,0,0
0,125,1111,0,0,0,0,1,1
0,126,1111,0,0,3,4,0,0
0,127,1111,0,0,4,1,0,0
0,128,2211,0,4,1,3,0,0
0,129,1111,0,0,3,4,0,0
0,130,2211,0,0,1,0,1,0
0,131,2211,0,0,2,5,0,0
0,132,2211,0,0,1,3,0,0
0,133,1411,0,0,1,2,0,0
0,134,1111,0,0,1,0,1,0
0,135,1111,0,0,0,4,0,0
0,136,4111,0,3,0,0,0,1
0,137,4111,0,0,2,0,1,0
0,138,4111,0,0,0,0,1,1
0,139,4111,0,0,1,3,0,0
0,140,1111,0,1,4,3,0,0
0,141,1122,0,0,1,0,1,0
0,142,1122,0,0,0,5,0,0
0,143,1122,0,0,2,0,1,0
0,144,1122,0,4,2,0,0,0
0,145,1122,0,0,2,0,1,0
0,146,1122,0,1,0,0,0,1
0,147,1122,0,0,2,1,0,0
0,148,3142,0,0,1,0,1,0
0,149,3142,0,3,0,0,0,1
0,150,3142,0,3,1,0,0,0
0,151,3142,0,0,0,4,0,0
0,152,1155,0,2,1,0,0,0
0,153,1155,0,3,3,4,0,0
0,154,2211,0,1,0,0,0,1
0,155,2211,0,0,2,0,1,0
0,156,2211,0,0,0,2,0,0
0,157,1111,0,0,0,2,0,0
0,158,1121,0,0,3,0,1,0
0,159,1121,0,0,1,4,0,0
0,160,1721,0,0,2,3,0,0
0,161,1121,0,1,0,0,0,1
0,162,1121,0,0,3,3,0,1
0,163,1122,0,0,0,0,1,1
0,164,1122,0,1,1,1,1,1
0,165,1111,0,0,3,3,0,1
0,166,1122,0,0,1,0,1,0
0,167,1122,0,0,2,0,1,0
0,168,1122,0,0,0,0,1,1
0,169,1122,0,0,1,0,1,0
0,170,1122,0,0,1,0,1,0
0,171,1122,0,0,1,0,1,0
0,172,1122,0,0,2,0,1,0
0,173,1122,0,0,0,4,0,0
0,174,1111,0,0,1,2,0,0
0,175,1122,0,0,1,1,0,1
0,176,1111,0,0,1,1,0,1
0,177,1111,0,2,2,3,0,0
0,178,3112,0,0,2,2,0,1
0,179,1122,0,2,1,4,0,0
0,180,1111,0,0,4,1,0,0
0,181,1111,0,0,4,1,0,0
0,182,3213,0,0,1,0,1,0
0,183,3213,0,0,1,5,0,0
0,184,3213,0,0,0,2,0,0
0,185,4111,0,0,1,0,1,0
0,186,4111,0,0,1,2,0,0
0,187,1111,0,0,2,0,1,0
0,188,1111,0,0,2,0,1,0
0,189,1111,0,0,3,0,1,0
0,190,1111,0,0,4,1,0,0
0,191,4111,0,0,2,2,0,1
0,192,1111,0,0,4,2,0,0
0,193,1122,0,0,0,0,1,1
0,194,1122,0,4,1,0,0,0
0,195,1122,0,1,1,5,0,0
0,196,1122,0,0,0,0,1,1
0,197,1122,0,0,0,0,1,1
0,198,1122,0,0,1,0,1,0
0,199,1122,0,0,2,1,0,0
0,200,1141,0,0,3,0,1,0
0,201,1141,0,1,0,1,1,0
0,202,1111,0,0,1,0,1,0
0,203,1111,0,0,3,3,0,1
0,204,6112,0,0,1,1,0,1
0,205,1112,0,2,3,0,0,0
0,206,1112,0,0,0,2,0,0
0,207,1112,0,0,0,0,1,1
0,208,1112,0,0,0,0,1,1
0,209,1112,0,0,3,0,1,0
0,210,1112,0,1,2,5,0,0
0,211,1112,0,0,1,2,0,0
0,212,4122,0,0,0,1,0,0
0,213,4112,1,3,2,0,0,0
0,214,1112,1,0,2,0,1,0
0,215,1112,1,0,2,0,1,0
0,216,1112,1,0,1,0,1,0
0,217,1112,1,0,3,0,1,0
0,218,1112,1,0,3,0,1,0
0,219,1112,1,0,0,0,1,1
0,220,5112,1,0,1,0,1,0
0,221,5112,1,2,3,0,0,0
0,222,5112,1,0,0,0,1,1
0,223,5112,1,0,2,2,0,1
0,224,1122,1,2,0,4,0,0
0,225,1111,1,0,0,4,0,0
0,226,1111,1,0,3,0,1,0
0,227,1111,1,0,4,3,0,0
0,228,1111,1,0,3,5,0,0
0,229,1111,1,3,0,3,1,0
0,230,1422,1,0,1,0,1,0
0,231,1422,1,0,2,4,0,0
0,232,1411,1,1,2,0,0,0
0,233,1111,1,3,1,0,0,0
0,234,1111,1,0,2,0,1,0
0,235,1111,1,1,2,0,0,0
0,236,1111,1,0,0,0,1,1
0,237,1111,1,0,1,4,0,0
0,238,1111,1,0,4,1,0,0
0,239,2211,1,0,2,0,1,0
0,240,2211,1,0,1,0,1,0
0,241,2211,1,0,0,3,0,0
0,242,1111,1,0,0,2,0,0
0,243,1111,1,0,1,0,1,0
0,244,1111,1,0,1,5,0,0
0,245,1111,1,0,0,0,1,1
0,246,1111,1,4,2,0,0,0
0,247,1111,1,0,4,3,0,0
0,248,1422,1,0,1,0,1,0
0,249,1422,1,4,1,4,1,0
0,250,1471,1,0,1,3,0,0
0,251,1122,1,2,1,0,0,0
0,252,1122,1,1,2,1,1,0
0,253,1112,1,0,0,0,1,1
0,254,1112,1,0,0,1,0,0
0,255,1112,1,5,1,5,1,0
0,256,1112,1,0,2,4,0,0
0,257,1214,1,0,3,2,0,0
0,258,1171,1,0,1,1,0,1
0,259,1214,1,2,1,0,0,0
0,260,1214,1,0,3,0,1,0
0,261,1214,1,0,3,1,0,0
0,262,3111,1,3,1,4,0,0
0,263,1121,1,0,2,4,0,0
0,264,1211,1,0,1,0,1,0
0,265,1211,1,3,3,0,0,0
0,266,1211,1,0,1,2,0,0
0,267,1122,1,3,1,1,0,1
0,268,1211,1,5,1,0,0,0
0,269,1211,1,3,3,2,0,0
0,270,1122,1,0,1,4,0,0
0,271,2111,1,0,1,0,1,0
0,272,2111,1,0,3,0,1,0
0,273,2111,1,0,0,0,1,1
0,274,2111,1,0,1,4,0,0
0,275,2111,1,0,0,0,1,1
0,276,2111,1,0,3,3,0,1
0,277,2111,1,4,1,5,0,0
0,278,2111,1,4,3,4,1,0
0,279,2114,1,0,1,0,1,0
0,280,2114,1,0,2,4,0,0
0,281,1111,1,0,0,0,1,1
0,282,1111,1,5,3,0,0,0
0,283,1111,1,0,2,0,1,0
0,284,1111,1,0,1,0,1,0
0,285,1111,1,3,1,4,0,0
0,286,1111,1,3,3,1,0,0
0,287,7111,1,4,3,2,0,0
0,288,1111,1,1,1,1,1,1
0,289,7111,1,0,4,2,0,0
0,290,1111,1,1,1,0,0,0
0,291,7111,1,0,0,1,0,0
0,292,1117,1,0,1,4,0,0
0,293,1111,1,3,3,2,0,0
0,294,1111,1,1,3,4,0,0
0,295,1111,1,1,4,4,0,1
0,296,2221,1,0,1,0,1,0
0,297,2221,1,0,0,5,0,0
0,298,2221,1,0,1,0,1,0
0,299,2221,1,0,0,0,1,1
0,300,2221,1,0,1,0,1,0
0,301,2221,1,0,1,0,1,0
0,302,2221,1,3,1,0,0,0
0,303,2221,1,0,0,0,1,1
0,304,2221,1,0,1,3,0,0
0,305,1411,1,0,0,1,0,0
0,306,1211,1,0,1,1,0,1
0,307,6111,1,0,0,3,0,0
0,308,1111,1,1,2,0,0,0
0,309,1111,1,4,0,4,1,0
0,310,6111,1,5,4,1,0,0
0,311,1111,1,2,2,3,0,0
0,312,2111,1,0,0,3,0,0
0,313,1112,1,0,3,0,1,0
0,314,1112,1,2,2,0,0,0
0,315,1112,1,0,2,5,0,0
0,316,1112,1,4,2,2,0,1
0,317,4112,1,0,3,0,1,0
0,318,4112,1,4,0,0,0,1
0,319,4112,1,4,1,2,0,0
0,320,1111,1,4,4,0,0,0
0,321,1111,1,2,3,0,0,0
0,322,1111,1,0,3,0,1,0
0,323,1111,1,0,4,0,1,0
0,324,1111,1,0,4,2,0,0
0,325,1111,1,0,4,2,0,0
0,326,1111,1,3,4,3,1,0
0,327,1111,1,0,3,3,0,1
0,328,1111,1,0,4,3,0,0
0,329,1112,1,4,2,4,1,0
0,330,1111,1,0,0,3,0,0
0,331,1112,1,0,3,5,0,0
0,332,1112,1,0,1,0,1,0
0,333,1112,1,0,1,4,0,0
0,334,1114,1,0,4,0,1,0
0,335,1114,1,5,0,0,0,1
0,336,1114,1,4,4,0,0,0
0,337,1114,1,0,2,0,1,0
0,338,1114,1,1,2,1,1,0
0,339,2111,1,0,0,0,1,1
0,340,2111,1,0,3,0,1,0
0,341,2155,1,0,3,0,1,0
0,342,2155,1,0,0,4,0,0
0,343,1111,1,0,1,2,0,0
0,344,1115,1,0,4,4,0,1
0,345,1111,1,0,4,0,1,0
0,346,1111,1,0,4,5,0,0
0,347,1111,1,5,4,0,0,0
0,348,1111,1,5,3,3,0,1
0,349,1411,1,4,1,4,1,0
0,350,1411,1,2,3,0,0,0
0,351,1111,1,0,2,1,0,0
0,352,7111,1,0,1,0,1,0
0,353,1111,1,1,2,1,1,0
0,354,7111,1,0,2,3,0,0
0,355,2112,1,0,2,0,1,0
0,356,2112,1,0,2,0,1,0
0,357,2112,1,0,1,0,1,0
0,358,2112,1,0,2,0,1,0
0,359,2112,1,0,0,2,0,0
0,360,1111,1,0,4,3,0,0
0,361,2111,1,0,0,3,0,0
0,362,2111,1,0,1,0,1,0
0,363,2111,1,0,2,3,0,0
0,364,1122,1,0,2,1,0,0
0,365,5211,1,0,2,3,0,0
0,366,1121,1,0,0,3,0,0
0,367,3111,1,0,3,0,1,0
0,368,3111,1,0,3,2,0,0
0,369,1211,1,0,3,5,0,0
0,370,1211,1,0,1,1,0,1
0,371,3141,1,0,0,3,0,0
0,372,2112,1,0,0,0,1,1
0,373,2112,1,0,1,0,1,0
0,374,2112,1,0,2,2,0,1
0,375,1412,1,0,2,0,1,0
0,376,1412,1,0,3,0,1,0
0,377,1412,1,5,2,0,0,0
0,378,1412,1,0,0,2,0,0
0,379,5512,1,1,1,2,0,0
0,380,1122,1,2,1,0,0,0
0,381,1122,1,0,1,0,1,0
0,382,1122,1,0,0,0,1,1
0,383,1122,1,0,2,0,1,0
0,384,1122,1,0,2,5,0,0
0,385,1122,1,0,2,0,1,0
0,386,1122,1,0,1,0,1,0
0,387,1122,1,4,2,0,0,0
0,388,1122,1,0,2,0,1,0
0,389,1122,1,0,0,0,1,1
0,390,1122,1,1,0,0,0,1
0,391,1122,1,1,1,1,1,1
0,392,1142,1,0,3,0,1,0
0,393,1142,1,0,3,4,0,0
0,394,1155,1,5,4,1,0,0
0,395,1211,1,4,3,0,0,0
0,396,1211,1,0,3,5,0,0
0,397,1211,1,3,3,1,0,0
0,398,3141,1,0,3,0,1,0
0,399,3141,1,0,3,2,0,0
0,400,1241,1,0,3,2,0,0
0,401,1141,1,0,4,0,1,0
0,402,1111,1,2,2,2,1,1
0,403,1141,1,0,2,1,0,0
0,404,1111,1,3,0,4,0,0
0,405,2211,1,5,1,0,0,0
0,406,2211,1,0,2,0,1,0
0,407,2211,1,0,0,0,1,1
0,408,2211,1,0,1,0,1,0
0,409,2211,1,5,0,2,0,0
0,410,1155,1,2,3,1,0,0
0,411,2211,1,0,0,0,1,1
0,412,2211,1,0,1,3,0,0
0,413,1111,1,0,3,5,0,0
0,414,1111,1,0,4,2,0,0
0,415,4111,1,2,0,4,0,0
0,416,1111,1,0,4,0,1,0
0,417,1111,1,3,0,4,0,0
0,418,2111,1,0,3,3,0,1
0,419,1111,1,0,2,1,0,0
0,420,2214,1,1,2,2,0,1
0,421,1111,1,0,0,0,1,1
0,422,1111,1,0,4,4,0,1
0,423,2111,1,0,1,0,1,0
0,424,2111,1,0,0,2,0,0
0,425,1121,1,0,3,3,0,1
0,426,1121,1,0,2,0,1,0
0,427,1121,1,0,0,1,0,0
0,428,1111,1,0,1,4,0,0
0,429,2111,1,0,0,2,0,0
0,430,1121,1,2,1,3,0,0
0,431,1121,1,0,0,1,0,0
0,432,1111,1,0,3,3,0,1
0,433,1111,1,0,0,0,1,1
0,434,1111,1,3,4,1,0,0
0,435,1111,1,0,1,0,1,0
0,436,1111,1,1,1,3,0,0
0,437,1112,1,0,2,0,1,0
0,438,1112,1,4,2,2,0,1
0,439,1122,1,0,1,0,1,0
0,440,1122,1,0,1,5,0,0
0,441,1122,1,0,2,1,0,0
0,442,1142,1,0,3,0,1,0
0,443,1142,1,5,1,4,0,0
0,444,1111,1,0,0,4,0,0
0,445,2211,1,0,1,3,0,0
0,446,1111,1,0,3,4,0,0
0,447,2211,1,0,1,0,1,0
0,448,2211,1,0,2,0,1,0
0,449,2211,1,0,2,0,1,0
0,450,2211,1,0,1,0,1,0
0,451,2211,1,0,0,0,1,1
0,452,2211,1,0,0,2,0,0
0,453,1115,1,0,1,5,0,0
0,454,1115,1,2,0,2,1,0
0,455,4121,1,0,2,0,1,0
0,456,4121,1,0,2,0,1,0
0,457,4121,1,0,2,0,1,0
0,458,4121,1,0,2,3,0,0
0,459,1122,1,3,0,0,0,1
0,460,1122,1,5,1,1,0,1
0,461,1411,1,0,1,4,0,0
0,462,1411,1,1,3,3,0,1
0,463,1111,1,0,0,3,0,0
0,464,1122,1,0,0,0,1,1
0,465,1122,1,4,1,0,0,0
0,466,1122,1,1,0,4,0,0
0,467,1111,1,0,0,0,1,1
0,468,1111,1,0,0,3,0,0
0,469,1122,1,0,2,5,0,0
0,470,1122,1,0,1,0,1,0
0,471,1122,1,0,0,0,1,1
0,472,1122,1,0,2,0,1,0
0,473,1122,1,4,2,0,0,0
0,474,1122,1,0,0,0,1,1
0,475,1122,1,0,1,1,0,1
0,476,1142,1,0,3,0,1,0
0,477,1142,1,0,0,0,1,1
0,478,1142,1,1,3,4,0,0
0,479,1155,1,0,4,1,0,0
0,480,1211,1,0,1,3,0,0
0,481,1152,1,0,3,4,0,0
0,482,1211,1,0,2,2,0,1
0,483,1155,1,3,2,1,0,0
0,484,1211,1,0,3,0,1,0
0,485,1211,1,0,1,0,1,0
0,486,1211,1,0,3,0,1,0
0,487,1211,1,0,2,3,0,0
0,488,1112,1,0,3,0,1,0
0,489,1112,1,0,1,0,1,0
0,490,1112,1,1,1,2,0,0
0,491,1112,1,0,2,4,0,0
0,492,1111,1,4,2,2,0,1
0,493,1111,1,3,1,5,0,0
0,494,1111,1,5,0,1,0,0
0,495,1141,1,0,4,2,0,0
0,496,1141,1,0,2,0,1,0
0,497,1141,1,0,1,0,1,0
0,498,1141,1,1,4,0,0,0
0,499,1141,1,0,3,4,0,0
0,500,1111,1,3,0,3,1,0
0,501,1141,1,1,0,1,1,0
0,502,1112,1,4,1,1,0,1
0,503,1212,1,0,2,1,0,0
0,504,3112,1,0,2,0,1,0
0,505,3112,1,5,2,2,0,1
0,506,1212,1,2,0,2,1,0
0,507,1112,1,1,1,4,0,0
0,508,2211,1,0,0,0,1,1
0,509,2211,1,0,0,0,1,1
0,510,2211,1,0,0,0,1,1
0,511,2211,1,0,0,2,0,0
0,512,1121,1,3,3,1,0,0
0,513,2211,1,0,1,0,1,0
0,514,2211,1,0,1,3,0,0
0,515,1112,1,0,1,2,0,0
0,516,1122,1,1,0,0,0,1
0,517,1122,1,0,0,0,1,1
0,518,1122,1,0,0,4,0,0
0,519,1121,1,0,3,3,0,1
0,520,1122,1,0,2,0,1,0
0,521,1122,1,0,2,0,1,0
0,522,1122,1,0,0,0,1,1
0,523,1122,1,0,1,0,1,0
0,524,1122,1,0,2,0,1,0
0,525,1122,1,0,1,0,1,0
0,526,1122,1,0,1,0,1,0
0,527,1122,1,0,2,4,0,0
0,528,1121,1,0,3,0,1,0
0,529,1121,1,0,0,0,1,1
0,530,1121,1,0,3,0,1,0
0,531,1121,1,5,2,0,0,0
0,532,1121,1,0,2,0,1,0
0,533,1121,1,0,3,0,1,0
0,534,1121,1,4,3,1,0,0
0,535,2211,1,0,0,0,1,1
0,536,2211,1,0,1,0,1,0
0,537,2211,1,0,2,0,1,0
0,538,2211,1,0,1,0,1,0
0,539,2211,1,5,2,0,0,0
0,540,2211,1,0,0,0,1,1
0,541,2211,1,0,0,2,0,0
0,542,1121,1,0,1,0,1,0
0,543,1121,1,0,3,3,0,1
0,544,1122,1,0,0,0,1,1
0,545,1122,1,4,1,1,0,1
0,546,1112,1,0,0,0,1,1
0,547,1112,1,1,2,4,0,0
0,548,2211,1,4,2,0,0,0
0,549,2211,1,2,0,3,0,0
0,550,1112,1,0,0,4,0,0
0,551,2211,1,0,0,0,1,1
0,552,2211,1,0,1,2,0,0
0,553,1121,1,0,2,3,0,0
0,554,1122,1,0,2,0,1,0
0,555,1122,1,0,1,0,1,0
0,556,1122,1,4,1,4,1,0
0,557,1121,1,5,2,0,0,0
0,558,1121,1,0,3,0,1,0
0,559,1121,1,4,3,3,0,1
0,560,1122,1,0,0,0,1,1
0,561,1122,1,0,1,1,0,1
0,562,1112,1,0,3,0,1,0
0,563,1112,1,2,2,0,0,0
0,564,1112,1,0,2,0,1,0
0,565,1112,1,0,2,2,0,1
0,566,1122,1,1,1,0,0,0
0,567,1122,1,0,0,4,0,0
0,568,1121,1,0,3,3,0,1
0,569,1122,1,0,0,0,1,1
0,570,1122,1,4,0,0,0,1
0,571,1122,1,4,2,1,0,0
0,572,1112,1,0,3,0,1,0
0,573,1112,1,0,0,0,1,1
0,574,1112,1,0,3,4,0,0
0,575,2211,1,0,1,0,1,0
0,576,2211,1,0,2,0,1,0
0,577,2222,1,5,0,0,0,1
0,578,2222,1,0,0,0,1,1
0,579,2222,1,0,0,0,1,1
0,580,2222,1,0,0,0,1,1
0,581,2222,1,0,0,0,1,1
0,582,2222,1,0,0,0,1,1
0,583,2222,1,1,0,0,0,1
0,584,2222,1,0,0,0,1,1
0,585,2222,1,0,0,0,1,1
0,586,2222,1,0,0,0,1,1
0,587,2222,1,0,0,0,1,1
0,588,2222,1,0,0,0,1,1
0,589,2222,1,0,0,0,1,1
0,590,2222,1,0,0,0,1,1
0,591,2222,1,0,0,0,1,1
0,592,2222,1,0,0,0,1,1
0,593,2222,1,0,0,0,1,1
0,594,2222,1,0,0,0,1,1
0,595,2222,1,0,0,0,1,1
0,596,2222,1,0,0,0,1,1
0,597,2222,1,0,0,0,1,1
0,598,2222,1,0,0,0,1,1
0,599,2222,1,0,0,0,1,1
0,600,2222,1,0,0,0,1,1
0,601,2222,1,0,0,0,1,1
0,602,2222,1,0,0,0,1,1
0,603,2222,1,0,0,0,1,1
0,604,2222,1,0,0,0,1,1
0,605,2222,1,0,0,0,1,1
0,606,2222,1,0,0,0,1,1
0,607,2222,1,0,0,0,1,1
0,608,2222,1,0,0,0,1,1
0,609,2222,1,0,0,0,1,1
0,610,2222,1,0,0,0,1,1
0,611,2222,1,0,0,0,1,1
0,612,2222,1,0,0,0,1,1
0,613,2222,1,0,0,0,1,1
0,614,2222,1,0,0,0,1,1
0,615,2222,1,0,0,0,1,1
0,616,2222,1,0,0,0,1,1
0,617,2222,1,0,0,0,1,1
0,618,2222,1,0,0,0,1,1
0,619,2222,1,0,0,0,1,1
0,620,2222,1,0,0,0,1,1
0,621,2222,1,0,0,0,1,1
0,622,2222,1,0,0,0,1,1
0,623,2222,1,0,0,0,1,1
0,624,2222,1,0,0,0,1,1
0,625,2222,1,0,0,0,1,1
0,626,2222,1,0,0,0,1,1
0,627,2222,1,0,0,0,1,1
0,628,2222,1,0,0,0,1,1
0,629,2222,1,0,0,0,1,1
0,630,2222,1,0,0,0,1,1
0,631,2222,1,0,0,0,1,1
0,632,2222,1,0,0,0,1,1
0,633,2222,1,0,0,0,1,1
0,634,2222,1,0,0,0,1,1
0,635,2222,1,0,0,0,1,1
0,636,2222,1,0,0,0,1,1
0,637,2222,1,0,0,0,1,1
0,638,2222,1,0,0,0,1,1
0,639,2222,1,0,0,0,1,1
0,640,2222,1,0,0,0,1,1
0,641,2222,1,0,0,0,1,1
0,642,2222,1,0,0,0,1,1
0,643,2222,1,0,0,0,1,1
0,644,2222,1,0,0,0,1,1
0,645,2222,1,0,0,0,1,1
0,646,2222,1,0,0,0,1,1
0,647,2222,1,0,0,0,1,1
0,648,2222,1,0,0,0,1,1
0,649,2222,1,0,0,0,1,1
0,650,2222,1,0,0,0,1,1
1,0,1221,0,0,1,0,1,0
1,1,1221,1,0,0,3,0,0
1,2,1121,1,1,3,0,0,0
1,3,1121,1,0,1,5,0,0
1,4,1121,1,0,1,0,1,0
1,5,1121,1,1,0,4,0,0
1,6,1224,1,3,2,0,0,0
1,7,1224,1,0,2,0,1,0
1,8,1224,1,0,1,1,0,1
1,9,1211,1,0,1,2,0,0
1,10,1224,1,0,1,0,1,0
1,11,1224,1,0,1,0,1,0
1,12,1224,1,0,1,1,0,1
1,13,1255,1,0,0,0,1,1
1,14,1255,1,0,3,0,1,0
1,15,1255,1,0,0,0,1,1
1,16,1255,1,0,0,0,1,1
1,17,1255,1,0,0,0,1,1
1,18,1211,1,0,0,0,1,1
1,19,1211,1,0,1,5,0,0
1,20,1211,1,0,3,0,1,0
1,21,1211,1,1,1,0,0,0
1,22,1211,1,3,0,0,0,1
1,23,1211,1,0,1,0,1,0
1,24,1211,1,0,2,2,0,1
1,25,4221,1,0,1,0,1,0
1,26,4221,1,0,2,0,1,0
1,27,4221,1,0,1,3,0,0
1,28,1121,1,0,1,3,0,0
1,29,3113,1,0,0,0,1,1
1,30,3113,1,4,1,5,0,0
1,31,3113,1,0,2,0,1,0
1,32,3113,1,0,2,4,0,0
1,33,5524,1,0,3,0,1,0
1,34,1124,1,0,0,0,1,1
1,35,1124,1,0,3,0,1,0
1,36,1124,1,1,0,4,0,0
1,37,1221,1,1,0,0,0,1
1,38,1221,1,0,2,0,1,0
1,39,1221,1,0,1,1,0,1
1,40,1211,1,0,1,2,0,0
1,41,1225,1,0,2,0,1,0
1,42,1225,1,0,1,1,0,1
1,43,1211,1,0,1,0,1,0
1,44,1211,1,3,3,1,0,0
1,45,3113,1,0,0,0,1,1
1,46,3113,1,4,2,0,0,0
1,47,3113,1,0,1,2,0,0
1,48,1211,1,2,3,0,0,0
1,49,1211,1,0,3,3,0,1
1,50,3111,1,0,2,0,1,0
1,51,3111,1,0,3,0,1,0
1,52,3111,1,0,1,0,1,0
1,53,3111,1,0,2,2,0,1
1,54,1121,1,0,0,0,1,1
1,55,1121,1,0,3,4,0,0
1,56,1221,1,4,2,0,0,0
1,57,1221,1,0,1,1,0,1
1,58,1211,1,0,2,2,0,1
1,59,1221,1,0,1,5,0,0
1,60,1221,1,0,2,1,0,0
1,61,1241,1,0,0,0,1,1
1,62,1241,1,0,3,3,0,1
1,63,3111,1,0,3,0,1,0
1,64,3111,1,4,0,2,0,0
1,65,1421,1,2,1,3,0,0
1,66,1111,1,0,3,2,0,0
1,67,1222,1,0,1,1,0,1
1,68,1111,1,0,1,2,0,0
1,69,1222,1,0,0,1,0,0
1,70,1511,1,0,4,3,0,0
1,71,1123,1,0,1,0,1,0
1,72,1123,1,0,0,5,0,0
1,73,1123,1,0,2,0,1,0
1,74,1123,1,0,2,0,1,0
1,75,1123,1,0,2,0,1,0
1,76,1123,1,0,0,1,0,0
1,77,1141,1,1,4,0,0,0
1,78,1141,1,0,0,4,0,0
1,79,1111,1,4,1,0,0,0
1,80,1111,1,5,2,4,0,0
1,81,3111,1,0,2,2,0,1
1,82,1125,1,0,0,0,1,1
1,83,1125,1,1,0,5,0,0
1,84,1125,1,0,2,0,1,0
1,85,1125,1,1,3,4,0,0
1,86,1224,1,1,2,0,0,0
1,87,1224,1,0,1,0,1,0
1,88,1224,1,1,2,0,0,0
1,89,1224,1,0,2,1,0,0
1,90,1211,1,0,2,0,1,0
1,91,1211,1,0,2,0,1,0
1,92,1211,1,0,0,0,1,1
1,93,1255,1,0,2,1,0,0
1,94,3113,1,0,1,0,1,0
1,95,3113,1,5,1,0,0,0
1,96,3113,1,5,1,0,0,0
1,97,3113,1,5,0,0,0,1
1,98,3113,1,0,1,2,0,0
1,99,1211,1,0,3,0,1,0
1,100,1211,1,0,3,0,1,0
1,101,1211,1,3,2,1,0,0
1,102,3113,1,0,1,2,0,0
1,103,1211,1,0,3,5,0,0
1,104,1211,1,0,3,2,0,0
1,105,4221,1,0,0,0,1,1
1,106,4221,1,0,2,0,1,0
1,107,4221,1,0,0,0,1,1
1,108,4221,1,0,0,0,1,1
1,109,4221,1,2,2,0,0,0
1,110,4221,1,0,1,0,1,0
1,111,4221,1,0,2,0,1,0
1,112,4221,1,0,0,3,0,0
1,113,5521,1,0,2,0,1,0
1,114,5521,1,0,0,3,0,0
1,115,1111,1,0,1,0,1,0
1,116,1111,1,0,3,0,1,0
1,117,1111,1,2,4,2,1,0
1,118,1222,1,1,1,1,1,1
1,119,1111,1,0,2,3,0,0
1,120,1121,1,0,0,0,1,1
1,121,1121,1,0,0,0,1,1
1,122,1121,1,1,1,0,0,0
1,123,1121,1,0,2,0,1,0
1,124,1121,1,0,0,4,0,0
1,125,1111,1,1,3,1,1,0
1,126,1111,1,0,4,5,0,0
1,127,1111,1,3,3,4,0,0
1,128,3114,1,5,1,0,0,0
1,129,3114,1,0,1,2,0,0
1,130,1121,1,0,1,3,0,0
1,131,4111,1,0,1,0,1,0
1,132,4111,1,3,3,3,1,1
1,133,1121,1,0,0,0,1,1
1,134,1121,1,0,3,0,1,0
1,135,1121,1,0,2,0,1,0
1,136,5521,1,4,0,0,0,1
1,137,5521,1,0,1,3,0,0
1,138,1111,1,3,1,2,0,0
1,139,1221,1,4,2,3,0,0
1,140,1121,1,0,2,3,0,0
1,141,1121,1,4,0,4,1,0
1,142,1121,1,3,3,0,0,0
1,143,1121,1,0,2,1,0,0
1,144,1111,1,0,3,1,0,0
1,145,1112,1,2,1,0,0,0
1,146,1112,1,0,2,1,0,0
1,147,2111,1,0,2,0,1,0
1,148,2111,1,0,0,2,0,0
1,149,1112,1,3,3,5,0,0
1,150,1112,1,0,3,2,0,0
1,151,4111,1,0,1,2,0,0
1,152,1121,1,2,2,0,0,0
1,153,1121,1,0,2,0,1,0
1,154,1121,1,0,1,0,1,0
1,155,1121,1,0,0,3,0,0
1,156,1121,1,0,3,0,1,0
1,157,1121,1,5,1,4,0,0
1,158,1121,1,3,1,0,0,0
1,159,5121,1,0,3,0,1,0
1,160,5127,1,5,2,5,1,0
1,161,5121,1,3,0,0,0,1
1,162,5121,1,3,0,0,0,1
1,163,5121,1,0,2,0,1,0
1,164,1121,1,3,3,1,0,0
1,165,1141,1,0,2,4,0,0
1,166,1111,1,0,0,4,0,0
1,167,1121,1,0,0,0,1,1
1,168,1121,1,0,0,3,0,0
1,169,1111,1,0,4,4,0,1
1,170,1121,1,4,1,1,0,1
1,171,1111,1,0,3,2,0,0
1,172,1121,1,0,0,4,0,0
1,173,1111,1,3,0,1,0,0
1,174,1111,1,0,0,3,0,0
1,175,1111,1,3,1,4,0,0
1,176,1111,1,1,0,2,0,0
1,177,1111,1,4,1,2,0,0
1,178,1222,1,0,0,0,1,1
1,179,1222,1,0,1,0,1,0
1,180,1222,1,0,0,0,1,1
1,181,1222,1,0,0,5,0,0
1,182,1222,1,0,1,0,1,0
1,183,1222,1,0,1,1,0,1
1,184,1141,1,0,1,0,1,0
1,185,1141,1,4,3,0,0,0
1,186,1141,1,0,0,0,1,1
1,187,1141,1,0,4,0,1,0
1,188,1141,1,4,0,1,0,0
1,189,1111,1,0,0,0,1,1
1,190,1111,1,2,0,0,0,1
1,191,1151,1,0,0,1,0,0
1,192,1311,1,0,1,0,1,0
1,193,1311,1,0,1,0,1,0
1,194,1311,1,0,1,1,0,1
1,195,1111,1,1,0,3,0,0
1,196,2112,1,0,1,0,1,0
1,197,2112,1,0,2,0,1,0
1,198,2112,1,0,0,0,1,1
1,199,2112,1,0,2,0,1,0
1,200,2112,1,0,2,5,0,0
1,201,2112,1,0,1,0,1,0
1,202,2112,1,0,1,0,1,0
1,203,2112,1,0,1,0,1,0
1,204,2112,1,0,0,0,1,1
1,205,2112,1,0,1,2,0,0
1,206,4111,1,0,4,4,0,1
1,207,1311,1,0,1,0,1,0
1,208,1311,1,0,1,0,1,0
1,209,1311,1,0,2,0,1,0
1,210,5315,1,0,0,2,0,0
1,211,1111,1,0,2,0,1,0
1,212,1111,1,3,2,2,0,1
1,213,1111,1,5,4,3,0,0
1,214,1121,1,4,2,5,0,0
1,215,1121,1,3,3,3,1,1
1,216,1411,1,0,3,0,1,0
1,217,1411,1,0,2,1,0,0
1,218,1111,1,0,4,1,0,0
1,219,2111,1,0,3,0,1,0
1,220,2111,1,0,1,0,1,0
1,221,2111,1,0,3,0,1,0
1,222,2111,1,0,0,0,1,1
1,223,2111,1,0,3,4,0,0
1,224,1151,1,0,1,4,0,0
1,225,1311,1,0,2,0,1,0
1,226,1311,1,0,3,1,0,0
1,227,1111,1,0,3,2,0,0
1,228,1311,1,2,2,5,0,0
1,229,1311,1,0,3,3,0,1
1,230,1411,1,0,4,0,1,0
1,231,1411,1,3,1,3,1,0
1,232,2111,1,2,2,3,0,0
1,233,2111,1,0,3,4,0,0
1,234,2711,1,0,1,3,0,0
1,235,2111,1,0,1,2,0,0
1,236,1112,1,3,0,1,0,0
1,237,2711,1,0,0,0,1,1
1,238,2711,1,0,1,5,0,0
1,239,2711,1,4,2,0,0,0
1,240,2411,1,4,0,2,0,0
1,241,4712,1,2,2,0,0,0
1,242,4112,1,4,0,0,0,1
1,243,4112,1,0,3,2,0,0
1,244,1111,1,2,1,0,0,0
1,245,1111,1,0,4,3,0,0
1,246,2111,1,0,0,0,1,1
1,247,2111,1,0,2,3,0,0
1,248,1114,1,0,4,2,0,0
1,249,1121,1,0,0,3,0,0
1,250,7122,1,3,2,5,0,0
1,251,1122,1,1,0,0,0,1
1,252,1122,1,0,2,0,1,0
1,253,1122,1,0,2,0,1,0
1,254,1122,1,0,0,0,1,1
1,255,1122,1,0,0,0,1,1
1,256,1122,1,0,1,0,1,0
1,257,1122,1,0,2,1,0,0
1,258,7141,1,0,0,3,0,0
1,259,1122,1,1,2,0,0,0
1,260,1522,1,0,2,0,1,0
1,261,1522,1,0,0,1,0,0
1,262,4112,1,0,2,0,1,0
1,263,4112,1,4,2,0,0,0
1,264,4112,1,0,1,4,0,0
1,265,5115,1,2,4,2,1,0
1,266,1111,1,2,1,4,0,0
1,267,1111,1,1,3,4,0,0
1,268,2111,1,0,2,4,0,0
1,269,1111,1,0,3,4,0,0
1,270,1511,1,0,1,3,0,0
1,271,1111,1,0,1,3,0,0
1,272,2111,1,0,2,0,1,0
1,273,2111,1,2,0,5,0,0
1,274,2111,1,0,0,0,1,1
1,275,2111,1,0,0,2,0,0
1,276,4121,1,0,1,0,1,0
1,277,4121,1,0,2,0,1,0
1,278,4121,1,0,0,3,0,0
1,279,1121,1,0,0,0,1,1
1,280,1121,1,0,2,0,1,0
1,281,1121,1,0,2,1,0,0
1,282,1411,1,0,0,1,0,0
1,283,2251,1,3,2,0,0,0
1,284,2251,1,0,2,0,1,0
1,285,2251,1,0,2,5,0,0
1,286,2251,1,0,2,0,1,0
1,287,2251,1,0,0,0,1,1
1,288,2211,1,0,2,2,0,1
1,289,4111,1,0,2,3,0,0
1,290,1111,1,0,2,1,0,0
1,291,1411,1,1,3,0,0,0
1,292,1411,1,1,0,3,0,0
1,293,1112,1,5,0,0,0,1
1,294,1112,1,0,2,0,1,0
1,295,1512,1,0,2,0,1,0
1,296,1512,1,0,3,0,1,0
1,297,1512,1,5,2,2,0,1
1,298,1122,1,5,2,4,0,0
1,299,5511,1,0,3,2,0,0
1,300,1122,1,0,2,0,1,0
1,301,1122,1,0,1,0,1,0
1,302,1122,1,0,1,0,1,0
1,303,1122,1,0,1,5,0,0
1,304,1122,1,0,2,1,0,0
1,305,1141,1,4,4,4,1,1
1,306,1111,1,1,0,4,0,0
1,307,2111,1,5,3,4,0,0
1,308,1111,1,2,0,0,0,1
1,309,1111,1,1,0,2,0,0
1,310,1121,1,0,0,0,1,1
1,311,1121,1,3,2,0,0,0
1,312,1121,1,5,3,1,0,0
1,313,1411,1,0,2,3,0,0
1,314,2111,1,3,3,0,0,0
1,315,2111,1,0,2,0,1,0
1,316,2111,1,0,0,0,1,1
1,317,2511,1,0,2,0,1,0
1,318,2511,1,0,3,0,1,0
1,319,2511,1,0,1,3,0,0
1,320,1111,1,0,3,0,1,0
1,321,1111,1,1,3,5,0,0
1,322,1111,1,0,1,1,0,1
1,323,2241,1,0,2,0,1,0
1,324,2241,1,0,0,3,0,0
1,325,1111,1,0,1,4,0,0
1,326,2241,1,0,2,3,0,0
1,327,1111,1,0,2,3,0,0
1,328,1112,1,0,3,1,0,0
1,329,1112,1,0,1,0,1,0
1,330,1112,1,0,1,4,0,0
1,331,1211,1,0,3,0,1,0
1,332,1211,1,0,2,2,0,1
1,333,1551,1,0,4,1,0,0
1,334,1211,1,0,2,3,0,0
1,335,1112,1,0,2,4,0,0
1,336,1211,1,0,3,0,1,0
1,337,1211,1,3,2,0,0,0
1,338,1211,1,3,2,2,0,1
1,339,1111,1,0,1,3,0,0
1,340,1112,1,5,3,5,1,0
1,341,1112,1,0,2,0,1,0
1,342,1112,1,0,2,0,1,0
1,343,1112,1,0,1,1,0,1
1,344,1142,1,0,3,0,1,0
1,345,1142,1,0,0,4,0,0
1,346,1211,1,1,0,1,1,0
1,347,3111,1,0,3,4,0,0
1,348,1121,1,0,2,0,1,0
1,349,1121,1,0,3,1,0,0
1,350,2113,1,1,2,4,0,0
1,351,1311,1,0,2,1,0,0
1,352,1112,1,0,1,2,0,0
1,353,1311,1,5,0,1,0,0
1,354,1112,1,0,1,5,0,0
1,355,1112,1,0,2,1,0,0
1,356,1141,1,0,0,3,0,0
1,357,1121,1,1,1,1,1,1
1,358,1111,1,0,2,1,0,0
1,359,1111,1,0,2,4,0,0
1,360,3311,1,0,1,0,1,0
1,361,3311,1,0,1,0,1,0
1,362,3311,1,0,2,3,0,0
1,363,1111,1,0,1,4,0,0
1,364,3311,1,0,0,0,1,1
1,365,3311,1,0,2,0,1,0
1,366,3311,1,0,2,0,1,0
1,367,3311,1,0,2,3,0,0
1,368,1111,1,0,0,5,0,0
1,369,7111,1,0,4,3,0,0
1,370,7411,1,1,3,1,1,0
1,371,2117,1,0,1,0,1,0
1,372,2117,1,3,1,0,0,0
1,373,2117,1,3,2,0,0,0
1,374,2117,1,3,3,0,0,0
1,375,2117,1,3,2,0,0,0
1,376,2117,1,3,0,0,0,1
1,377,2117,1,3,0,0,0,1
1,378,2557,1,3,3,0,0,0
1,379,2557,1,1,0,0,0,1
1,380,2557,1,3,2,0,0,0
1,381,2557,1,3,2,0,0,0
1,382,2557,1,0,0,0,1,1
1,383,2117,1,0,0,0,1,1
1,384,2117,1,3,2,0,0,0
1,385,2117,1,3,3,5,0,0
1,386,2117,1,3,1,0,0,0
1,387,2111,1,3,3,4,0,0
1,388,2314,1,0,2,0,1,0
1,389,2314,1,0,0,2,0,0
1,390,1111,1,0,4,1,0,0
1,391,2314,1,4,1,0,0,0
1,392,2314,1,0,0,2,0,0
1,393,1111,1,4,2,4,1,0
1,394,3311,1,5,1,3,0,0
1,395,5115,1,0,2,0,1,0
1,396,5115,1,2,2,4,0,0
1,397,3311,1,0,1,0,1,0
1,398,3311,1,0,2,3,0,0
1,399,5115,1,0,4,2,0,0
1,400,1111,1,4,4,4,1,1
1,401,1211,1,0,1,1,0,1
1,402,3311,1,1,1,2,0,0
1,403,1211,1,2,3,3,0,1
1,404,1111,1,0,2,2,0,1
1,405,1121,1,0,3,3,0,1
1,406,1133,1,0,0,0,1,1
1,407,1133,1,0,1,0,1,0
1,408,1133,1,0,2,1,0,0
1,409,1111,1,0,0,2,0,0
1,410,1133,1,0,2,0,1,0
1,411,1133,1,4,1,1,0,1
1,412,1111,1,0,3,3,0,1
1,413,1132,1,5,1,1,0,1
1,414,1112,1,0,2,0,1,0
1,415,1112,1,0,1,5,0,0
1,416,1112,1,0,1,4,0,0
1,417,1114,1,0,0,2,0,0
1,418,1111,1,0,0,4,0,0
1,419,1111,1,0,2,1,0,0
1,420,1111,1,4,1,0,0,0
1,421,1111,1,0,4,2,0,0
1,422,1111,1,0,3,0,1,0
1,423,1111,1,0,4,4,0,1
1,424,1211,1,0,1,0,1,0
1,425,1211,1,2,1,3,0,0
1,426,1111,1,0,0,4,0,0
1,427,1211,1,0,3,0,1,0
1,428,1211,1,0,3,0,1,0
1,429,1211,1,0,3,0,1,0
1,430,1211,1,0,3,0,1,0
1,431,1211,1,2,1,0,0,0
1,432,1211,1,0,3,3,0,1
1,433,1111,1,0,1,2,0,0
1,434,1121,1,5,2,0,0,0
1,435,1121,1,0,1,3,0,0
1,436,1133,1,0,1,0,1,0
1,437,1133,1,0,0,0,1,1
1,438,1133,1,0,1,0,1,0
1,439,1133,1,0,0,4,0,0
1,440,1121,1,0,3,1,0,0
1,441,1111,1,0,3,1,0,0
1,442,1111,1,0,1,1,0,1
1,443,2311,1,0,1,3,0,0
1,444,2111,1,0,2,4,0,0
1,445,2311,1,0,2,5,0,0
1,446,2311,1,0,0,0,1,1
1,447,2311,1,0,2,0,1,0
1,448,2311,1,0,0,0,1,1
1,449,2311,1,5,2,0,0,0
1,450,2311,1,0,0,2,0,0
1,451,4111,1,0,4,3,0,0
1,452,1111,1,4,2,1,0,0
1,453,2411,1,3,0,0,0,1
1,454,2411,1,0,0,3,0,0
1,455,2512,1,0,0,0,1,1
1,456,2512,1,0,1,5,0,0
1,457,2512,1,0,2,2,0,1
1,458,4112,1,0,1,0,1,0
1,459,4112,1,0,3,0,1,0
1,460,4112,1,0,1,0,1,0
1,461,4112,1,0,3,0,1,0
1,462,4112,1,0,0,2,0,0
1,463,1132,1,0,2,4,0,0
1,464,1111,1,0,2,0,1,0
1,465,1111,1,0,4,3,0,0
1,466,5132,1,5,1,4,0,0
1,467,1111,1,0,2,4,0,0
1,468,1711,1,0,1,0,1,0
1,469,1711,1,4,4,0,0,0
1,470,1711,1,4,1,3,0,0
1,471,1111,1,4,2,3,0,0
1,472,1132,1,0,1,4,0,0
1,473,1111,1,1,0,1,1,0
1,474,1111,1,1,1,4,0,0
1,475,1111,1,0,0,2,0,0
1,476,1111,1,4,2,2,0,1
1,477,1121,1,0,1,0,1,0
1,478,1121,1,3,1,4,0,0
1,479,1111,1,0,1,4,0,0
1,480,2111,1,0,1,4,0,0
1,481,1131,1,0,1,0,1,0
1,482,1131,1,0,0,4,0,0
1,483,1121,1,0,2,0,1,0
1,484,1121,1,4,0,0,0,1
1,485,1121,1,0,1,0,1,0
1,486,1121,1,4,0,5,0,0
1,487,1121,1,0,2,0,1,0
1,488,1121,1,0,1,4,0,0
1,489,2214,1,4,2,0,0,0
1,490,2214,1,3,0,0,0,1
1,491,2214,1,0,2,0,1,0
1,492,2214,1,2,0,0,0,1
1,493,2214,1,0,0,0,1,1
1,494,2214,1,3,2,0,0,0
1,495,2214,1,0,1,2,0,0
1,496,5112,1,0,3,0,1,0
1,497,5112,1,0,2,4,0,0
1,498,2111,1,2,2,0,0,0
1,499,2111,1,0,1,2,0,0
1,500,1111,1,5,4,2,0,0
1,501,1111,1,0,0,5,0,0
1,502,1111,1,0,1,1,0,1
1,503,1141,1,2,1,0,0,0
1,504,1141,1,5,0,1,0,0
1,505,2711,1,1,3,0,0,0
1,506,2711,1,4,2,3,0,0
1,507,1112,1,4,0,0,0,1
1,508,1112,1,5,0,0,0,1
1,509,1112,1,2,0,4,0,0
1,510,2111,1,2,2,3,0,0
1,511,1112,1,0,3,4,0,0
1,512,2151,1,0,3,0,1,0
1,513,2751,1,0,2,4,0,0
1,514,1271,1,0,3,0,1,0
1,515,1271,1,2,1,5,0,0
1,516,1271,1,0,3,1,0,0
1,517,1242,1,2,0,0,0,1
1,518,1242,1,0,0,0,1,1
1,519,1242,1,5,1,0,0,0
1,520,1242,1,0,0,0,1,1
1,521,1242,1,0,2,0,1,0
1,522,1242,1,0,0,0,1,1
1,523,1242,1,0,0,0,1,1
1,524,1242,1,5,2,1,0,0
1,525,1251,1,2,0,0,0,1
1,526,1251,1,0,3,0,1,0
1,527,1251,1,0,3,3,0,1
1,528,1122,1,0,0,0,1,1
1,529,1122,1,1,1,0,0,0
1,530,1122,1,0,2,4,0,0
1,531,1211,1,0,0,0,1,1
1,532,1211,1,0,3,3,0,1
1,533,1122,1,3,2,4,0,0
1,534,1211,1,0,1,0,1,0
1,535,1211,1,0,0,2,0,0
1,536,1212,1,0,0,2,0,0
1,537,1211,1,0,1,5,0,0
1,538,1211,1,0,0,3,0,0
1,539,2411,1,0,1,3,0,0
1,540,1112,1,0,1,4,0,0
1,541,2411,1,0,2,3,0,0
1,542,1112,1,2,1,2,1,0
1,543,1112,1,0,1,1,0,1
1,544,1112,1,0,2,0,1,0
1,545,1112,1,2,1,4,0,0
1,546,2411,1,0,0,3,0,0
1,547,1512,1,3,0,1,0,0
1,548,2211,1,1,0,0,0,1
1,549,2211,1,0,2,0,1,0
1,550,2211,1,2,1,2,1,0
1,551,1512,1,0,1,5,0,0
1,552,1112,1,5,3,0,0,0
1,553,1112,1,0,3,2,0,0
1,554,4112,1,1,2,2,0,1
1,555,1171,1,0,2,4,0,0
1,556,1171,1,2,1,1,0,1
1,557,1111,1,2,2,3,0,0
1,558,4112,1,0,0,0,1,1
1,559,4112,1,0,1,2,0,0
1,560,1111,1,0,2,0,1,0
1,561,5111,1,0,4,3,0,0
1,562,2112,1,2,1,5,0,0
1,563,2112,1,0,0,0,1,1
1,564,2112,1,0,2,2,0,1
1,565,4111,1,0,3,2,0,0
1,566,1711,1,0,0,1,0,0
1,567,4111,1,0,0,0,1,1
1,568,4111,1,0,3,0,1,0
1,569,4111,1,4,2,3,0,0
1,570,2111,1,2,2,0,0,0
1,571,2171,1,0,1,3,0,0
1,572,2171,1,0,3,0,1,0
1,573,2111,1,2,2,5,0,0
1,574,2171,1,0,3,3,0,1
1,575,1422,1,2,0,0,0,1
1,576,1422,1,0,2,0,1,0
1,577,1422,1,0,2,0,1,0
1,578,1422,1,4,2,0,0,0
1,579,1422,1,1,1,0,0,0
1,580,1422,1,0,2,1,0,0
1,581,1211,1,0,2,0,1,0
1,582,1211,1,0,3,3,0,1
1,583,1122,1,1,1,0,0,0
1,584,1122,1,4,0,0,0,1
1,585,1122,1,0,0,0,1,1
1,586,1122,1,5,1,4,0,0
1,587,1251,1,0,0,0,1,1
1,588,1211,1,5,2,5,1,0
1,589,1211,1,1,2,2,0,1
1,590,4122,1,0,2,4,0,0
1,591,2111,1,0,1,3,0,0
1,592,4122,1,0,0,4,0,0
1,593,2111,1,1,2,0,0,0
1,594,2111,1,2,2,2,1,1
1,595,1122,1,0,2,0,1,0
1,596,1122,1,0,2,0,1,0
1,597,1122,1,0,2,0,1,0
1,598,1122,1,0,0,0,1,1
1,599,1122,1,0,2,0,1,0
1,600,1122,1,0,0,0,1,1
1,601,1122,1,0,2,0,1,0
1,602,1122,1,0,0,4,0,0
1,603,1121,1,0,0,3,0,0
1,604,1122,1,0,1,0,1,0
1,605,1122,1,0,2,0,1,0
1,606,1122,1,0,0,0,1,1
1,607,1122,1,4,2,1,0,0
1,608,2111,1,0,3,4,0,0
1,609,2111,1,5,1,2,0,0
1,610,1121,1,0,3,5,0,0
1,611,1121,1,0,3,4,0,0
1,612,1124,1,0,1,4,0,0
1,613,4121,1,3,2,4,0,0
1,614,1221,1,0,1,0,1,0
1,615,1221,1,0,1,0,1,0
1,616,5225,1,0,0,0,1,1
1,617,5225,1,0,0,0,1,1
1,618,5225,1,0,0,0,1,1
1,619,5225,1,0,0,0,1,1
1,620,5225,1,0,0,0,1,1
1,621,1221,1,0,0,3,0,0
1,622,1125,1,0,2,0,1,0
1,623,1125,1,0,2,0,1,0
1,624,1125,1,0,0,1,0,0
1,625,1411,1,0,3,0,1,0
1,626,1411,1,1,4,3,0,0
1,627,1511,1,3,3,0,0,0
1,628,1511,1,0,4,0,1,0
1,629,1511,1,2,2,3,0,0
1,630,2111,1,0,2,3,0,0
1,631,2111,1,0,1,3,0,0
1,632,1122,1,0,0,0,1,1
1,633,1122,1,0,2,0,1,0
1,634,1122,1,0,0,5,0,0
1,635,1122,1,0,1,1,0,1
1,636,1241,1,0,0,0,1,1
1,637,1241,1,1,1,0,0,0
1,638,1241,1,1,1,3,0,0
1,639,1122,1,0,0,1,0,0
1,640,2112,1,0,1,0,1,0
1,641,2112,1,0,0,0,1,1
1,642,2112,1,0,2,0,1,0
1,643,2112,1,0,2,0,1,0
1,644,2112,1,0,1,5,0,0
1,645,2112,1,0,1,0,1,0
1,646,2112,1,0,0,4,0,0
1,647,1354,1,0,3,0,1,0
1,648,1354,1,0,0,0,1,1
1,649,1314,1,4,2,2,0,1
1,650,1211,1,0,1,1,0,1
1,651,1314,1,0,1,0,1,0
1,652,1312,1,0,2,0,1,0
1,653,1312,1,0,2,0,1,0
1,654,1312,1,0,1,0,1,0
1,655,1312,1,0,2,1,0,0
1,656,1112,1,0,0,0,1,1
1,657,1112,1,0,3,0,1,0
1,658,1112,1,2,1,0,0,0
1,659,1112,1,4,3,0,0,0
1,660,1712,1,1,2,1,1,0
1,661,2172,1,4,2,0,0,0
1,662,2172,1,2,0,0,0,1
1,663,2112,1,0,2,0,1,0
1,664,2112,1,0,2,0,1,0
1,665,2112,1,5,0,0,0,1
1,666,2112,1,0,0,0,1,1
1,667,2112,1,0,0,0,1,1
1,668,2112,1,0,2,2,0,1
1,669,1112,1,0,2,0,1,0
1,670,1112,1,4,1,0,0,0
1,671,1112,1,0,1,0,1,0
1,672,1112,1,0,2,1,0,0
1,673,2112,1,0,2,4,0,0
1,674,2111,1,0,0,0,1,1
1,675,2111,1,2,2,0,0,0
1,676,2111,1,5,3,0,0,0
1,677,2111,1,0,3,2,0,0
1,678,1331,1,0,0,0,1,1
1,679,1331,1,0,0,3,0,0
1,680,1112,1,5,3,0,0,0
1,681,1112,1,0,3,0,1,0
1,682,1112,1,0,0,0,1,1
1,683,1112,1,0,1,2,0,0
1,684,1312,1,0,2,1,0,0
1,685,1112,1,0,3,0,1,0
1,686,1112,1,1,3,0,0,0
1,687,1112,1,0,0,0,1,1
1,688,1112,1,0,0,2,0,0
1,689,1312,1,2,1,1,0,1
1,690,1112,1,0,3,4,0,0
1,691,1331,1,4,1,1,0,1
1,692,2111,1,0,2,0,1,0
1,693,2111,1,0,2,2,0,1
1,694,1331,1,0,1,0,1,0
1,695,1331,1,5,1,3,0,0
1,696,1172,1,5,2,0,0,0
1,697,1172,1,2,0,0,0,1
1,698,1172,1,0,3,1,0,0
1,699,2112,1,2,2,4,0,0
1,700,2111,1,0,3,0,1,0
1,701,2111,1,0,1,3,0,0
1,702,2112,1,0,2,0,1,0
1,703,2112,1,0,2,4,0,0
1,704,2111,1,0,1,2,0,0
1,705,1331,1,3,1,0,0,0
1,706,1331,1,0,1,0,1,0
1,707,1331,1,4,2,0,0,0
1,708,1331,1,0,1,1,0,1
1,709,2111,1,5,0,0,0,1
1,710,2111,1,0,0,0,1,1
1,711,2111,1,0,3,0,1,0
1,712,2111,1,3,3,4,0,0
1,713,2131,1,5,2,0,0,0
1,714,2131,1,4,1,0,0,0
1,715,2131,1,2,2,0,0,0
1,716,2131,1,1,2,3,0,0
1,717,2111,1,0,3,4,0,0
1,718,2131,1,0,0,3,0,0
1,719,2111,1,0,0,0,1,1
1,720,2111,1,0,1,0,1,0
1,721,2111,1,0,1,0,1,0
1,722,2111,1,0,1,2,0,0
1,723,1331,1,5,1,0,0,0
1,724,1331,1,0,0,0,1,1
1,725,1331,1,0,1,0,1,0
1,726,1331,1,0,2,0,1,0
1,727,2332,1,0,0,0,1,1
1,728,2332,1,0,0,0,1,1
1,729,2332,1,0,0,0,1,1
1,730,2332,1,0,0,0,1,1
1,731,2332,1,0,0,0,1,1
1,732,2332,1,0,0,0,1,1
1,733,2332,1,0,0,0,1,1
1,734,2332,1,0,0,0,1,1
1,735,2332,1,0,0,0,1,1
1,736,2332,1,0,0,0,1,1
1,737,2332,1,0,0,0,1,1
1,738,2332,1,0,0,0,1,1
1,739,2332,1,0,0,0,1,1
1,740,2332,1,0,0,0,1,1
1,741,2332,1,0,0,0,1,1
1,742,2332,1,0,0,0,1,1
1,743,2332,1,0,0,0,1,1
1,744,2332,1,0,0,0,1,1
1,745,2332,1,0,0,0,1,1
1,746,2332,1,0,0,0,1,1
1,747,2332,1,0,0,0,1,1
1,748,2332,1,0,0,0,1,1
1,749,2332,1,0,0,0,1,1
1,750,2332,1,0,0,0,1,1
1,751,2332,1,0,0,0,1,1
1,752,2332,1,0,0,0,1,1
1,753,2332,1,3,0,0,0,1
1,754,2332,1,0,0,0,1,1
1,755,2332,1,0,0,0,1,1
1,756,2332,1,0,0,0,1,1
1,757,2332,1,0,0,0,1,1
1,758,2332,1,0,0,0,1,1
1,759,2332,1,0,0,0,1,1
1,760,2332,1,0,0,0,1,1
1,761,2332,1,0,0,0,1,1
1,762,2332,1,0,0,0,1,1
1,763,2332,1,0,0,0,1,1
1,764,2332,1,0,0,0,1,1
1,765,2332,1,0,0,0,1,1
1,766,2332,1,0,0,0,1,1
1,767,2332,1,0,0,0,1,1
1,768,2332,1,0,0,0,1,1
1,769,2332,1,0,0,0,1,1
1,770,2332,1,0,0,0,1,1
1,771,2332,1,0,0,0,1,1
1,772,2332,1,0,0,0,1,1
1,773,2332,1,0,0,0,1,1
1,774,2332,1,0,0,0,1,1
1,775,2332,1,0,0,0,1,1
1,776,2332,1,0,0,0,1,1
1,777,2332,1,0,0,0,1,1
1,778,2332,1,0,0,0,1,1
1,779,2332,1,0,0,0,1,1
1,780,2332,1,0,0,0,1,1
1,781,2332,1,0,0,0,1,1
1,782,2332,1,0,0,0,1,1
1,783,2332,1,0,0,0,1,1
1,784,2332,1,0,0,0,1,1
1,785,2332,1,0,0,0,1,1
1,786,2332,1,0,0,0,1,1
1,787,2332,1,0,0,0,1,1
1,788,2332,1,0,0,0,1,1
1,789,2332,1,0,0,0,1,1
1,790,2332,1,0,0,0,1,1
1,791,2332,1,0,0,0,1,1
1,792,2332,1,0,0,0,1,1
1,793,2332,1,0,0,0,1,1
1,794,2332,1,0,0,0,1,1
1,795,2332,1,0,0,0,1,1
1,796,2332,1,0,0,0,1,1
1,797,2332,1,0,0,0,1,1
1,798,2332,1,0,0,0,1,1
1,799,2332,1,0,0,0,1,1
2,0,1111,0,0,1,0,1,0
2,1,1111,1,0,4,4,0,1
2,2,2211,1,0,1,3,0,0
2,3,1111,1,0,0,0,1,1
2,4,1111,1,1,3,0,0,0
2,5,1111,1,0,3,4,0,0
2,6,2211,1,0,1,0,1,0
2,7,2211,1,3,0,0,0,1
2,8,2211,1,5,2,2,0,1
2,9,1211,1,0,1,0,1,0
2,10,1211,1,0,1,1,0,1
2,11,2211,1,3,2,0,0,0
2,12,2211,1,2,0,3,0,0
2,13,1111,1,0,0,1,0,0
2,14,2211,1,0,0,0,1,1
2,15,2211,1,0,1,2,0,0
2,16,1111,1,0,3,3,0,1
2,17,1111,1,4,3,1,0,0
2,18,2113,1,3,2,0,0,0
2,19,2113,1,0,2,4,0,0
2,20,2211,1,5,1,0,0,0
2,21,2211,1,0,0,2,0,0
2,22,1111,1,2,3,0,0,0
2,23,1111,1,0,2,0,1,0
2,24,1111,1,1,2,0,0,0
2,25,1111,1,2,1,1,0,1
2,26,2211,1,0,0,3,0,0
2,27,2113,1,0,2,0,1,0
2,28,2113,1,0,2,0,1,0
2,29,2113,1,5,1,5,1,0
2,30,2113,1,0,2,2,0,1
2,31,4111,1,2,4,0,0,0
2,32,4111,1,0,0,2,0,0
2,33,1122,1,0,0,4,0,0
2,34,1111,1,4,3,3,0,1
2,35,1122,1,0,1,4,0,0
2,36,1111,1,0,3,0,1,0
2,37,1111,1,0,3,0,1,0
2,38,1111,1,0,1,0,1,0
2,39,1111,1,3,2,2,0,1
2,40,1132,1,0,0,0,1,1
2,41,1132,1,4,0,0,0,1
2,42,1132,1,0,1,0,1,0
2,43,1132,1,0,0,0,1,1
2,44,1132,1,0,2,0,1,0
2,45,1132,1,0,1,4,0,0
2,46,1211,1,0,3,1,0,0
2,47,1211,1,3,2,0,0,0
2,48,1211,1,3,0,1,0,0
2,49,2211,1,0,2,0,1,0
2,50,2211,1,0,2,0,1,0
2,51,2211,1,0,1,0,1,0
2,52,2211,1,3,1,0,0,0
2,53,2211,1,0,1,0,1,0
2,54,2211,1,0,2,5,0,0
2,55,2211,1,0,0,0,1,1
2,56,2211,1,0,0,0,1,1
2,57,2211,1,0,0,0,1,1
2,58,2211,1,0,0,2,0,0
2,59,4211,1,0,1,0,1,0
2,60,4211,1,0,1,3,0,0
2,61,1111,1,0,3,3,0,1
2,62,1122,1,3,2,1,0,0
2,63,1111,1,1,1,3,0,0
2,64,1123,1,0,2,4,0,0
2,65,1511,1,0,4,1,0,0
2,66,2111,1,5,2,4,0,0
2,67,2251,1,0,0,3,0,0
2,68,2111,1,0,3,2,0,0
2,69,1111,1,4,4,1,0,0
2,70,2111,1,0,3,3,0,1
2,71,2111,1,0,0,0,1,1
2,72,2111,1,0,1,4,0,0
2,73,2111,1,0,0,3,0,0
2,74,2111,1,2,1,0,0,0
2,75,2111,1,0,3,4,0,0
2,76,2111,1,0,1,0,1,0
2,77,2111,1,0,1,0,1,0
2,78,2111,1,0,1,5,0,0
2,79,2111,1,0,1,0,1,0
2,80,2111,1,2,0,0,0,1
2,81,2111,1,0,0,0,1,1
2,82,2111,1,3,0,0,0,1
2,83,2111,1,4,2,2,0,1
2,84,4111,1,0,1,3,0,0
2,85,1123,1,0,0,4,0,0
2,86,4111,1,0,2,4,0,0
2,87,1111,1,0,4,4,0,1
2,88,2211,1,0,1,0,1,0
2,89,2211,1,0,1,0,1,0
2,90,2211,1,0,0,0,1,1
2,91,2211,1,2,2,2,1,1
2,92,1211,1,0,1,1,0,1
2,93,2211,1,0,0,2,0,0
2,94,1211,1,0,1,3,0,0
2,95,1111,1,0,0,0,1,1
2,96,1111,1,0,1,2,0,0
2,97,1132,1,1,0,1,1,0
2,98,1111,1,0,2,0,1,0
2,99,1111,1,0,4,1,0,0
2,100,1111,1,1,3,4,0,0
2,101,2211,1,0,2,0,1,0
2,102,2211,1,5,0,3,0,0
2,103,1111,1,0,4,1,0,0
2,104,2211,1,0,0,5,0,0
2,105,2211,1,2,0,0,0,1
2,106,2211,1,0,1,2,0,0
2,107,4111,1,0,2,2,0,1
2,108,1111,1,0,0,0,1,1
2,109,1111,1,2,3,4,0,0
2,110,1211,1,0,3,0,1,0
2,111,1211,1,0,1,0,1,0
2,112,1211,1,0,1,3,0,0
2,113,1111,1,0,2,0,1,0
2,114,5111,1,5,0,4,0,0
2,115,1211,1,0,2,3,0,0
2,116,5111,1,0,0,3,0,0
2,117,1122,1,0,1,0,1,0
2,118,1122,1,0,0,0,1,1
2,119,1122,1,0,1,4,0,0
2,120,1111,1,0,1,3,0,0
2,121,1122,1,0,0,4,0,0
2,122,1111,1,0,0,4,0,0
2,123,1211,1,0,3,0,1,0
2,124,1211,1,0,0,0,1,1
2,125,1211,1,0,3,0,1,0
2,126,1211,1,0,0,0,1,1
2,127,1211,1,0,0,1,0,0
2,128,2211,1,0,0,0,1,1
2,129,2211,1,0,2,2,0,1
2,130,1211,1,0,2,0,1,0
2,131,1211,1,0,1,3,0,0
2,132,1111,1,0,2,3,0,0
2,133,1122,1,0,0,0,1,1
2,134,1122,1,0,2,0,1,0
2,135,1122,1,0,0,5,0,0
2,136,1122,1,0,0,0,1,1
2,137,1122,1,0,2,0,1,0
2,138,1122,1,0,1,4,0,0
2,139,1114,1,0,1,0,1,0
2,140,1114,1,4,0,1,0,0
2,141,1111,1,0,4,2,0,0
2,142,1114,1,0,2,4,0,0
2,143,1211,1,2,0,0,0,1
2,144,1211,1,0,3,0,1,0
2,145,1215,1,1,2,2,0,1
2,146,1211,1,0,2,2,0,1
2,147,1213,1,0,2,0,1,0
2,148,1213,1,0,2,0,1,0
2,149,1213,1,1,1,0,0,0
2,150,1213,1,0,1,0,1,0
2,151,1213,1,0,0,1,0,0
2,152,1211,1,1,0,0,0,1
2,153,1211,1,0,0,1,0,0
2,154,1211,1,0,3,5,0,0
2,155,1211,1,1,2,0,0,0
2,156,1211,1,0,3,2,0,0
2,157,4211,1,0,1,0,1,0
2,158,4211,1,0,3,0,1,0
2,159,4211,1,2,0,0,0,1
2,160,4211,1,3,1,2,0,0
2,161,1213,1,2,0,2,1,0
2,162,1223,1,1,0,0,0,1
2,163,1223,1,0,1,0,1,0
2,164,1223,1,0,0,0,1,1
2,165,1223,1,0,0,0,1,1
2,166,1223,1,0,0,0,1,1
2,167,1223,1,1,0,0,0,1
2,168,1223,1,0,0,0,1,1
2,169,1223,1,0,0,0,1,1
2,170,1223,1,0,0,0,1,1
2,171,1223,1,0,1,1,0,1
2,172,1213,1,0,1,2,0,0
2,173,1223,1,0,1,0,1,0
2,174,1223,1,0,0,5,0,0
2,175,1223,1,0,1,0,1,0
2,176,1223,1,0,1,0,1,0
2,177,1223,1,0,1,0,1,0
2,178,1223,1,0,1,0,1,0
2,179,1223,1,0,0,0,1,1
2,180,1223,1,5,1,1,0,1
2,181,1243,1,0,0,0,1,1
2,182,1243,1,0,2,0,1,0
2,183,1243,1,0,0,1,0,0
2,184,1251,1,0,2,0,1,0
2,185,1251,1,0,0,1,0,0
2,186,1211,1,0,1,1,0,1
2,187,2211,1,0,1,3,0,0
2,188,1111,1,0,2,0,1,0
2,189,1111,1,0,2,3,0,0
2,190,1111,1,0,0,1,0,0
2,191,2111,1,0,1,2,0,0
2,192,1111,1,0,1,2,0,0
2,193,1122,1,0,0,4,0,0
2,194,1111,1,0,4,5,0,0
2,195,1111,1,0,4,0,1,0
2,196,1111,1,1,3,2,0,0
2,197,4132,1,0,1,0,1,0
2,198,4132,1,0,0,0,1,1
2,199,4132,1,4,1,4,1,0
2,200,1211,1,3,2,2,0,1
2,201,1213,1,0,0,0,1,1
2,202,1213,1,0,1,2,0,0
2,203,1221,1,1,0,3,0,0
2,204,3131,1,5,1,3,0,0
2,205,1111,1,1,4,3,0,0
2,206,1112,1,3,0,4,0,0
2,207,1111,1,0,1,4,0,0
2,208,3131,1,0,1,0,1,0
2,209,3131,1,2,0,4,0,0
2,210,1221,1,5,2,0,0,0
2,211,1221,1,0,1,5,0,0
2,212,1221,1,0,2,0,1,0
2,213,1221,1,0,1,3,0,0
2,214,3431,1,0,2,3,0,0
2,215,1111,1,0,2,0,1,0
2,216,1111,1,3,2,0,0,0
2,217,1111,1,0,2,0,1,0
2,218,1111,1,0,0,1,0,0
2,219,2311,1,3,2,0,0,0
2,220,2311,1,0,2,0,1,0
2,221,2311,1,0,1,5,0,0
2,222,2311,1,0,0,0,1,1
2,223,2311,1,2,0,2,1,0
2,224,4511,1,0,0,2,0,0
2,225,1331,1,0,2,0,1,0
2,226,1331,1,0,2,1,0,0
2,227,4111,1,0,4,0,1,0
2,228,4111,1,1,0,0,0,1
2,229,4111,1,2,3,0,0,0
2,230,4111,1,2,4,2,1,0
2,231,5331,1,0,0,3,0,0
2,232,1141,1,3,2,3,1,0
2,233,2112,1,0,0,2,0,0
2,234,1417,1,0,2,0,1,0
2,235,1411,1,3,1,0,0,0
2,236,1411,1,2,2,3,0,0
2,237,2117,1,1,0,0,0,1
2,238,2517,1,3,1,5,0,0
2,239,2517,1,3,0,2,0,0
2,240,4111,1,0,4,0,1,0
2,241,4117,1,2,4,2,1,0
2,242,1111,1,2,3,0,0,0
2,243,1111,1,0,0,1,0,0
2,244,4111,1,0,1,0,1,0
2,245,4111,1,2,3,0,0,0
2,246,4111,1,0,4,0,1,0
2,247,4111,1,0,0,4,0,0
2,248,5115,1,0,0,2,0,0
2,249,1121,1,0,3,0,1,0
2,250,1121,1,0,2,4,0,0
2,251,1111,1,0,2,0,1,0
2,252,1111,1,0,0,0,1,1
2,253,1111,1,1,2,1,1,0
2,254,1155,1,0,4,1,0,0
2,255,1611,1,4,4,0,0,0
2,256,1611,1,0,0,0,1,1
2,257,1611,1,1,4,2,0,0
2,258,1155,1,0,3,0,1,0
2,259,1111,1,4,2,2,0,1
2,260,1111,1,0,3,5,0,0
2,261,1111,1,0,1,4,0,0
2,262,1124,1,0,1,0,1,0
2,263,1124,1,0,1,4,0,0
2,264,1221,1,0,1,0,1,0
2,265,1221,1,0,0,3,0,0
2,266,1124,1,0,1,1,0,1
2,267,6111,1,0,3,4,0,0
2,268,1211,1,0,0,0,1,1
2,269,1211,1,0,3,1,0,0
2,270,3116,1,1,1,5,0,0
2,271,3116,1,0,1,2,0,0
2,272,4211,1,0,1,0,1,0
2,273,4211,1,0,3,3,0,1
2,274,6155,1,3,4,1,0,0
2,275,1411,1,5,2,0,0,0
2,276,1411,1,0,0,1,0,0
2,277,1311,1,1,1,0,0,0
2,278,1311,1,0,1,3,0,0
2,279,1111,1,0,2,1,0,0
2,280,1112,1,0,1,0,1,0
2,281,1112,1,2,3,2,1,0
2,282,1111,1,0,2,0,1,0
2,283,1111,1,0,0,1,0,0
2,284,1112,1,4,1,0,0,0
2,285,1112,1,0,1,0,1,0
2,286,1112,1,5,0,0,0,1
2,287,1172,0,0,1,0,1,0
2,288,1112,0,0,3,0,1,0
2,289,1172,0,0,1,0,1,0
2,290,1112,0,0,1,2,0,0
2,291,1171,0,0,2,3,0,0
2,292,2712,1,2,1,0,0,0
2,293,2112,1,0,0,2,0,0
2,294,1111,1,0,2,5,0,0
2,295,1111,1,0,2,0,1,0
2,296,1111,1,1,3,2,0,0
2,297,4111,1,0,0,0,1,1
2,298,4111,1,1,4,0,0,0
2,299,4111,1,0,1,4,0,0
2,300,1111,1,0,4,0,1,0
2,301,1111,1,0,3,0,1,0
2,302,1111,1,0,2,2,0,1
2,303,1111,1,0,1,2,0,0
2,304,1222,1,0,0,0,1,1
2,305,1222,1,0,0,0,1,1
2,306,1222,1,0,0,1,0,0
2,307,1111,1,0,1,5,0,0
2,308,1111,1,0,0,4,0,0
2,309,1124,1,0,0,3,0,0
2,310,1114,1,1,3,3,0,1
2,311,1124,1,0,0,0,1,1
2,312,1124,1,1,1,0,0,0
2,313,1124,1,0,2,1,0,0
2,314,1111,1,1,0,4,0,0
2,315,1111,1,2,1,4,0,0
2,316,1111,1,2,1,3,0,0
2,317,1111,1,0,4,4,0,1
2,318,1111,1,3,4,3,1,0
2,319,1111,1,0,3,0,1,0
2,320,1111,1,0,1,4,0,0
2,321,1111,1,0,0,4,0,0
2,322,1211,1,4,2,0,0,0
2,323,1211,1,0,3,0,1,0
2,324,1211,1,0,0,0,1,1
2,325,1211,1,0,0,0,1,1
2,326,1211,1,0,0,3,0,0
2,327,1111,1,0,1,2,0,0
2,328,1121,1,1,1,1,1,1
2,329,1111,1,4,0,5,0,0
2,330,1111,1,2,2,4,0,0
2,331,1214,1,0,1,1,0,1
2,332,1111,1,0,2,0,1,0
2,333,1111,1,0,3,1,0,0
2,334,1211,1,0,3,1,0,0
2,335,1111,1,5,4,3,0,0
2,336,1111,1,4,4,1,0,0
2,337,2111,1,4,0,0,0,1
2,338,2111,1,3,3,3,1,1
2,339,1112,1,0,1,0,1,0
2,340,1112,1,0,1,2,0,0
2,341,1112,1,0,2,4,0,0
2,342,1111,1,0,0,3,0,0
2,343,1112,1,0,1,1,0,1
2,344,1112,1,2,2,0,0,0
2,345,1112,1,0,3,2,0,0
2,346,1112,1,4,2,4,1,0
2,347,1111,1,0,2,2,0,1
2,348,1111,1,0,1,1,0,1
2,349,1111,1,0,4,3,0,0
2,350,1112,1,0,0,0,1,1
2,351,1112,1,1,0,2,0,0
2,352,1171,1,0,4,1,0,0
2,353,1112,1,2,2,0,0,0
2,354,1172,1,0,0,1,0,0
2,355,1112,1,2,1,0,0,0
2,356,1112,1,4,3,4,1,0
2,357,2111,1,4,0,5,0,0
2,358,2111,1,5,1,0,0,0
2,359,2111,1,0,2,3,0,0
2,360,1412,1,0,3,0,1,0
2,361,1412,1,0,0,1,0,0
2,362,2211,1,0,1,0,1,0
2,363,2211,1,3,0,0,0,1
2,364,2211,1,0,1,0,1,0
2,365,2211,1,0,0,0,1,1
2,366,2211,1,0,2,0,1,0
2,367,2251,1,2,1,0,0,0
2,368,2251,1,0,2,0,1,0
2,369,2251,1,0,2,0,1,0
2,370,2251,1,3,1,0,0,0
2,371,2251,1,0,0,0,1,1
2,372,2211,1,0,1,0,1,0
2,373,2211,1,0,1,2,0,0
2,374,1112,1,0,3,2,0,0
2,375,1112,1,0,1,0,1,0
2,376,1112,1,0,0,2,0,0
2,377,1111,1,0,2,1,0,0
2,378,1112,1,4,2,0,0,0
2,379,1112,1,2,3,4,0,0
2,380,1111,1,2,3,1,0,0
2,381,2111,1,3,3,5,0,0
2,382,2111,1,0,3,0,1,0
2,383,2111,1,0,3,0,1,0
2,384,2111,1,0,3,0,1,0
2,385,2111,1,0,3,4,0,0
2,386,1114,1,4,2,0,0,0
2,387,1114,1,0,3,0,1,0
2,388,1114,1,0,3,0,1,0
2,389,1114,1,0,2,1,0,0
2,390,1112,1,0,3,0,1,0
2,391,1152,1,0,1,4,0,0
2,392,1211,1,0,3,2,0,0
2,393,1215,1,0,3,0,1,0
2,394,1215,1,1,0,2,0,0
2,395,1221,1,0,1,1,0,1
2,396,1211,1,1,1,0,0,0
2,397,1211,1,0,0,3,0,0
2,398,1111,1,1,0,5,0,0
2,399,1111,1,0,4,0,1,0
2,400,1111,1,2,0,2,1,0
2,401,4111,1,3,1,0,0,0
2,402,4111,1,0,2,3,0,0
2,403,1111,1,0,0,3,0,0
2,404,1112,1,0,2,4,0,0
2,405,1111,1,0,1,0,1,0
2,406,1111,1,0,2,0,1,0
2,407,1111,1,3,2,2,0,1
2,408,1111,1,4,1,0,0,0
2,409,1111,1,0,0,0,1,1
2,410,1111,1,0,1,2,0,0
2,411,1111,1,2,3,4,0,0
2,412,1111,1,0,3,1,0,0
2,413,1211,1,0,2,1,0,0
2,414,1111,1,1,0,4,0,0
2,415,1221,1,0,1,0,1,0
2,416,1221,1,0,1,1,0,1
2,417,1211,1,0,2,2,0,1
2,418,1221,1,0,2,0,1,0
2,419,1221,1,0,2,0,1,0
2,420,1221,1,1,2,0,0,0
2,421,1221,1,0,1,0,1,0
2,422,1221,1,0,1,0,1,0
2,423,1221,1,3,1,1,0,1
2,424,1211,1,0,3,1,0,0
2,425,1211,1,0,3,0,1,0
2,426,1211,1,0,0,3,0,0
2,427,1112,1,0,1,0,1,0
2,428,1112,1,1,3,2,0,0
2,429,1111,1,0,0,1,0,0
2,430,1112,1,0,3,0,1,0
2,431,1112,1,2,2,0,0,0
2,432,1112,1,4,1,5,0,0
2,433,1112,1,0,1,0,1,0
2,434,1112,1,0,0,0,1,1
2,435,1112,1,0,0,4,0,0
2,436,1214,1,0,3,0,1,0
2,437,1214,1,0,2,0,1,0
2,438,1214,1,0,2,0,1,0
2,439,1214,1,0,1,0,1,0
2,440,1214,1,0,1,1,0,1
2,441,1211,1,0,1,0,1,0
2,442,1255,1,0,2,0,1,0
2,443,1255,1,0,3,0,1,0
2,444,1255,1,2,0,1,0,0
2,445,2211,1,0,0,5,0,0
2,446,2211,1,0,1,0,1,0
2,447,2211,1,0,2,0,1,0
2,448,2211,1,0,0,0,1,1
2,449,2211,1,0,2,3,0,0
2,450,1411,1,0,4,0,1,0
2,451,1411,1,0,2,0,1,0
2,452,1411,1,0,3,0,1,0
2,453,1411,1,0,2,1,0,0
2,454,2211,1,0,0,0,1,1
2,455,2251,1,0,1,0,1,0
2,456,2251,1,0,2,0,1,0
2,457,2251,1,0,1,5,0,0
2,458,2251,1,0,0,0,1,1
2,459,2251,1,0,2,3,0,0
2,460,2411,1,0,3,0,1,0
2,461,2411,1,2,1,0,0,0
2,462,2411,1,0,2,0,1,0
2,463,2411,1,0,0,2,0,0
2,464,1111,1,0,1,4,0,0
2,465,4111,1,0,4,2,0,0
2,466,1111,1,5,1,4,0,0
2,467,1211,1,0,2,0,1,0
2,468,1211,1,0,2,0,1,0
2,469,1211,1,0,0,0,1,1
2,470,1211,1,0,1,2,0,0
2,471,1211,1,2,2,0,0,0
2,472,1211,1,0,0,5,0,0
2,473,1211,1,0,1,1,0,1
2,474,1241,1,1,3,1,1,0
2,475,2211,1,0,2,0,1,0
2,476,2211,1,3,1,3,1,0
2,477,1111,1,0,2,1,0,0
2,478,2211,1,0,0,0,1,1
2,479,2211,1,5,1,0,0,0
2,480,2211,1,2,1,0,0,0
2,481,2211,1,0,1,0,1,0
2,482,2211,1,0,1,3,0,0
2,483,2111,1,0,1,0,1,0
2,484,2111,1,0,3,3,0,1
2,485,2111,1,0,3,4,0,0
2,486,2111,1,0,2,2,0,1
2,487,1111,1,0,0,4,0,0
2,488,1111,1,0,3,1,0,0
2,489,2211,1,0,2,5,0,0
2,490,2211,1,0,2,3,0,0
2,491,2411,1,0,2,0,1,0
2,492,2411,1,2,0,3,0,0
2,493,2111,1,0,0,0,1,1
2,494,2111,1,0,3,4,0,0
2,495,2411,1,0,2,2,0,1
2,496,1111,1,0,4,2,0,0
2,497,1122,1,0,1,0,1,0
2,498,1122,1,0,2,0,1,0
2,499,1122,1,0,2,5,0,0
2,500,1122,1,0,0,4,0,0
2,501,5114,1,5,4,2,0,0
2,502,1212,1,2,0,0,0,1
2,503,1212,1,0,2,0,1,0
2,504,1212,1,0,1,2,0,0
2,505,1217,1,0,0,0,1,1
2,506,1217,1,3,3,1,0,0
2,507,1212,1,0,1,2,0,0
2,508,1211,1,0,1,0,1,0
2,509,1211,1,0,2,1,0,0
2,510,5212,1,0,1,0,1,0
2,511,5212,1,0,2,0,1,0
2,512,5212,1,0,1,2,0,0
2,513,1217,1,0,2,2,0,1
2,514,7255,1,3,0,0,0,1
2,515,7255,1,1,3,0,0,0
2,516,7211,1,0,1,5,0,0
2,517,4211,1,1,0,0,0,1
2,518,4211,1,2,1,0,0,0
2,519,4211,1,0,0,0,1,1
2,520,4211,1,0,1,0,1,0
2,521,4211,1,0,1,3,0,0
2,522,1411,1,0,4,3,0,0
2,523,1112,1,4,0,0,0,1
2,524,1112,1,0,2,0,1,0
2,525,1512,1,0,2,2,0,1
2,526,1111,1,0,0,3,0,0
2,527,2112,1,0,1,5,0,0
2,528,2112,1,0,1,0,1,0
2,529,2112,1,2,1,0,0,0
2,530,2112,1,0,2,2,0,1
2,531,4111,1,0,2,2,0,1
2,532,1111,1,0,1,4,0,0
2,533,1111,1,0,2,0,1,0
2,534,1111,1,2,4,0,0,0
2,535,1111,1,0,3,0,1,0
2,536,1111,1,0,2,2,0,1
2,537,1121,1,3,0,3,1,0
2,538,1121,1,0,0,0,1,1
2,539,1121,1,0,3,3,0,1
2,540,1121,1,0,0,4,0,0
2,541,1121,1,0,0,0,1,1
2,542,1721,1,0,0,1,0,0
2,543,1711,1,5,2,3,0,0
2,544,1111,1,4,0,2,0,0
2,545,1121,1,2,3,0,0,0
2,546,1721,1,0,3,0,1,0
2,547,1721,1,0,1,0,1,0
2,548,1721,1,0,1,0,1,0
2,549,1721,1,4,2,5,0,0
2,550,1121,1,4,0,4,1,0
2,551,1124,1,0,3,0,1,0
2,552,1124,1,1,0,4,0,0
2,553,1121,1,0,3,1,0,0
2,554,1111,1,0,0,1,0,0
2,555,7111,1,0,3,4,0,0
2,556,7111,1,1,0,4,0,0
2,557,1271,1,1,0,0,0,1
2,558,1271,1,2,1,0,0,0
2,559,1271,1,0,2,2,0,1
2,560,1217,1,2,3,1,0,0
2,561,1271,1,3,0,0,0,1
2,562,1271,1,2,1,5,0,0
2,563,1211,1,0,2,1,0,0
2,564,1241,1,0,3,1,0,0
2,565,1211,1,0,1,0,1,0
2,566,1211,1,0,2,3,0,0
2,567,1111,1,0,1,0,1,0
2,568,1111,1,2,0,3,0,0
2,569,1112,1,0,1,0,1,0
2,570,1112,1,0,3,4,0,0
2,571,1111,1,0,1,3,0,0
2,572,1152,1,0,0,1,0,0
2,573,1112,1,0,2,0,1,0
2,574,1112,1,0,0,0,1,1
2,575,1112,1,0,2,0,1,0
2,576,1112,1,1,1,4,0,0
2,577,2211,1,0,0,5,0,0
2,578,2211,1,5,0,0,0,1
2,579,2211,1,0,1,0,1,0
2,580,2211,1,5,1,2,0,0
2,581,4211,1,3,3,3,1,1
2,582,1112,1,2,0,0,0,1
2,583,1112,1,4,1,4,1,0
2,584,4211,1,0,2,3,0,0
2,585,1112,1,2,0,0,0,1
2,586,1112,1,1,3,0,0,0
2,587,5512,1,2,1,0,0,0
2,588,5512,1,0,3,2,0,0
2,589,1111,1,0,3,3,0,1
2,590,2112,1,2,2,2,1,1
2,591,1111,1,0,0,4,0,0
2,592,1111,1,1,4,2,0,0
2,593,1121,1,0,3,1,0,0
2,594,1711,1,0,4,1,0,0
2,595,1111,1,4,4,0,0,0
2,596,1711,1,0,0,0,1,1
2,597,1711,1,4,3,2,0,0
2,598,1111,1,4,1,4,1,0
2,599,1211,1,0,3,2,0,0
2,600,1221,1,0,2,0,1,0
2,601,1221,1,5,1,3,0,0
2,602,1121,1,0,1,0,1,0
2,603,1121,1,3,2,4,0,0
2,604,1221,1,0,2,1,0,0
2,605,1211,1,0,3,3,0,1
2,606,1111,1,0,4,5,0,0
2,607,1111,1,0,0,0,1,1
2,608,1111,1,4,3,1,0,0
2,609,1141,1,0,2,0,1,0
2,610,1141,1,0,0,0,1,1
2,611,1141,1,0,2,1,0,0
2,612,1112,1,0,2,0,1,0
2,613,1112,1,0,1,0,1,0
2,614,1112,1,1,0,4,0,0
2,615,1211,1,0,1,3,0,0
2,616,1152,1,0,1,4,0,0
2,617,1211,1,0,1,5,0,0
2,618,1211,1,0,2,1,0,0
2,619,2241,1,0,1,0,1,0
2,620,2241,1,2,1,0,0,0
2,621,2241,1,0,0,2,0,0
2,622,1241,1,0,1,1,0,1
2,623,2211,1,2,2,0,0,0
2,624,2211,1,0,2,0,1,0
2,625,2211,1,2,1,0,0,0
2,626,2211,1,0,1,2,0,0
2,627,1251,1,0,1,5,0,0
2,628,1251,1,0,3,3,0,1
2,629,1412,1,0,0,1,0,0
2,630,1112,1,0,3,0,1,0
2,631,1112,1,0,3,1,0,0
2,632,2211,1,0,2,2,0,1
2,633,1112,1,0,1,1,0,1
2,634,2211,1,1,0,0,0,1
2,635,2211,1,0,1,3,0,0
2,636,1121,1,0,0,1,0,0
2,637,2211,1,5,0,3,0,0
2,638,2112,1,0,0,4,0,0
2,639,2211,1,0,2,2,0,1
2,640,1121,1,0,1,1,0,1
2,641,2211,1,1,2,0,0,0
2,642,2211,1,0,1,0,1,0
2,643,2211,1,0,1,0,1,0
2,644,2211,1,0,1,0,1,0
2,645,2211,1,0,2,5,0,0
2,646,2211,1,0,2,3,0,0
2,647,2412,1,0,0,0,1,1
2,648,2412,1,0,1,0,1,0
2,649,2412,1,0,2,2,0,1
2,650,1131,1,2,2,0,0,0
2,651,1131,1,0,3,0,1,0
2,652,2137,1,0,2,4,0,0
2,653,2121,1,1,1,4,0,0
2,654,2211,1,3,2,0,0,0
2,655,2211,1,0,2,0,1,0
2,656,2211,1,2,0,0,0,1
2,657,2211,1,0,0,0,1,1
2,658,2211,1,0,1,0,1,0
2,659,2211,1,0,1,0,1,0
2,660,2211,1,0,2,0,1,0
2,661,2211,1,0,1,0,1,0
2,662,2211,1,0,1,2,0,0
2,663,1212,1,0,1,0,1,0
2,664,1212,1,0,1,2,0,0
2,665,1212,1,0,0,0,1,1
2,666,1212,1,0,2,0,1,0
2,667,1212,1,0,0,0,1,1
2,668,1212,1,0,0,0,1,1
2,669,1212,1,0,2,0,1,0
2,670,1212,1,0,1,0,1,0
2,671,1212,1,0,2,1,0,0
2,672,1212,1,0,0,0,1,1
2,673,1212,1,0,1,2,0,0
2,674,1212,1,0,2,0,1,0
2,675,1212,1,0,0,0,1,1
2,676,1212,1,0,1,1,0,1
2,677,1212,1,2,2,2,1,1
2,678,1212,1,0,2,0,1,0
2,679,1212,1,0,2,1,0,0
2,680,1212,1,0,2,0,1,0
2,681,1212,1,0,1,0,1,0
2,682,1212,1,0,0,2,0,0
2,683,1212,1,2,1,2,1,0
2,684,1211,1,2,1,2,1,0
2,685,1221,1,0,0,3,0,0
2,686,1121,1,0,0,1,0,0
2,687,2112,1,1,0,0,0,1
2,688,2112,1,0,0,2,0,0
2,689,1121,1,0,3,0,1,0
2,690,1121,1,0,0,0,1,1
2,691,1121,1,5,2,3,0,0
2,692,2121,1,0,1,0,1,0
2,693,2121,1,0,0,0,1,1
2,694,2121,1,0,0,0,1,1
2,695,2121,1,0,1,4,0,0
2,696,1121,1,0,2,0,1,0
2,697,1121,1,0,2,1,0,0
2,698,2112,1,4,2,0,0,0
2,699,2112,1,0,0,4,0,0
2,700,1211,1,0,2,1,0,0
2,701,1212,1,0,1,1,0,1
2,702,1212,1,0,0,0,1,1
2,703,1212,1,0,0,0,1,1
2,704,1212,1,5,2,0,0,0
2,705,1212,1,1,2,2,0,1
2,706,1212,1,0,1,1,0,1
2,707,1212,1,0,0,0,1,1
2,708,1212,1,2,0,0,0,1
2,709,1212,1,0,2,2,0,1
2,710,1212,1,0,0,2,0,0
2,711,1211,1,0,1,0,1,0
2,712,1211,1,0,1,0,1,0
2,713,1211,1,0,0,2,0,0
2,714,1221,1,0,1,0,1,0
2,715,1227,1,0,0,0,1,1
2,716,1227,1,3,0,0,0,1
2,717,1227,1,3,1,3,1,0
2,718,7121,1,0,3,0,1,0
2,719,7121,1,1,1,0,0,0
2,720,7121,1,1,3,0,0,0
2,721,7121,1,0,2,0,1,0
2,722,7121,1,0,1,0,1,0
2,723,7121,1,1,1,0,0,0
2,724,7121,1,1,0,0,0,1
2,725,7121,1,1,0,0,0,1
